1.00341
1.00471
1.00503
1.00506
1.00654
1.00676
1.00685
1.00719
1.00792
1.00808
1.00813
1.00813
1.00818
1.00818
1.00829
1.00829
1.00835
1.00864
1.00882
1.0089
1.0094
1.00958
1.00971
1.0099
1.01003
1.0101
1.01017
1.01017
1.01024
1.01038
1.01106
1.01142
1.01142
1.01157
1.01157
1.01165
1.01173
1.0118
1.0118
1.01197
1.0122
1.01248
1.01248
1.01266
1.01266
1.01266
1.01266
1.0129
1.0129
1.01307
1.01316
1.01325
1.01325
1.01333
1.01342
1.01351
1.01379
1.01379
1.01389
1.01399
1.01408
1.01408
1.01417
1.01418
1.01426
1.01445
1.01445
1.01454
1.01454
1.01454
1.01454
1.01463
1.01463
1.01483
1.01483
1.01503
1.01513
1.01513
1.01523
1.01527
1.01533
1.01554
1.01558
1.01558
1.01565
1.01576
1.01587
1.01599
1.01608
1.0161
1.0161
1.0161
1.01618
1.01639
1.01639
1.0165
1.01661
1.01661
1.01661
1.01672
1.01695
1.01705
1.01727
1.01738
1.01742
1.01742
1.01754
1.0176
1.01765
1.01767
1.01771
1.01783
1.01794
1.01794
1.01818
1.01818
1.01818
1.01818
1.01818
1.01818
1.0183
1.0183
1.01855
1.01855
1.01868
1.01868
1.01893
1.01893
1.01893
1.01893
1.01899
1.01899
1.01906
1.01923
1.01935
1.01948
1.01961
1.01961
1.01961
1.01974
1.01974
1.01974
1.01985
1.01987
1.01987
1.01987
1.01987
1.02
1.02
1.02013
1.02013
1.02027
1.02027
1.02027
1.02041
1.02041
1.02041
1.02041
1.02055
1.02055
1.02055
1.0206
1.02069
1.02069
1.02069
1.02073
1.02073
1.02083
1.02087
1.02087
1.02087
1.02098
1.021
1.021
1.02113
1.02113
1.02113
1.02114
1.02114
1.02114
1.02114
1.02114
1.02114
1.02128
1.02128
1.02128
1.02128
1.02128
1.02142
1.02142
1.02142
1.02143
1.02156
1.02156
1.02158
1.0217
1.02185
1.02185
1.02194
1.022
1.022
1.02208
1.02208
1.02215
1.02215
1.02222
1.02222
1.02222
1.02229
1.0223
1.02236
1.02236
1.02245
1.02245
1.02251
1.02251
1.02251
1.02251
1.02265
1.02269
1.02269
1.02277
1.0228
1.0228
1.0228
1.02293
1.02295
1.02309
1.0231
1.0231
1.02326
1.02326
1.02326
1.02326
1.02326
1.02326
1.02341
1.02341
1.02342
1.02342
1.02357
1.02357
1.02357
1.02357
1.02359
1.02373
1.02373
1.02373
1.02373
1.02385
1.02389
1.024
1.024
1.02405
1.02405
1.02415
1.02431
1.02431
1.02431
1.02439
1.02439
1.02439
1.02447
1.02447
1.02454
1.02463
1.02463
1.02463
1.02463
1.02463
1.02473
1.02479
1.02479
1.02479
1.02484
1.02496
1.02496
1.02496
1.02496
1.02513
1.02513
1.02513
1.02513
1.02513
1.02516
1.0253
1.02547
1.02547
1.02547
1.02548
1.02548
1.02548
1.02564
1.02564
1.02564
1.02564
1.02564
1.02581
1.02582
1.02582
1.026
1.026
1.026
1.02611
1.02614
1.02614
1.02614
1.02618
1.02628
1.02632
1.02632
1.02636
1.02644
1.02649
1.02655
1.02655
1.02655
1.0266
1.0266
1.02667
1.02667
1.02667
1.02667
1.02674
1.02674
1.02674
1.02677
1.02677
1.02677
1.02677
1.02677
1.02685
1.02685
1.02685
1.02693
1.02694
1.02694
1.02694
1.02703
1.02703
1.02703
1.02703
1.02711
1.02711
1.02712
1.02719
1.02721
1.02721
1.02729
1.02729
1.02729
1.02729
1.02729
1.0274
1.02746
1.02746
1.02746
1.02759
1.02759
1.02759
1.02764
1.02764
1.02778
1.02778
1.02778
1.02782
1.02797
1.02797
1.02801
1.02801
1.02804
1.02804
1.02819
1.02819
1.02821
1.02821
1.02837
1.02838
1.02838
1.02838
1.02838
1.02838
1.02838
1.02838
1.02839
1.02839
1.02839
1.02839
1.02839
1.02839
1.02839
1.02857
1.02857
1.02857
1.02857
1.02857
1.02875
1.02875
1.02876
1.02876
1.02876
1.02876
1.02876
1.02876
1.02892
1.02894
1.02894
1.02894
1.02894
1.02896
1.02896
1.02896
1.02899
1.02913
1.02913
1.02913
1.02916
1.02916
1.02916
1.02916
1.02916
1.02928
1.02928
1.02932
1.02932
1.02932
1.02932
1.02932
1.02932
1.02932
1.02936
1.02936
1.02946
1.02951
1.02951
1.02951
1.02951
1.02951
1.02959
1.02964
1.0297
1.0297
1.0297
1.0297
1.0297
1.02976
1.02983
1.02983
1.02983
1.02983
1.0299
1.0299
1.0299
1.0299
1.02998
1.02998
1.03002
1.0301
1.0301
1.0301
1.0301
1.0301
1.0301
1.03012
1.03012
1.0302
1.03021
1.0303
1.0303
1.0303
1.0303
1.0303
1.0304
1.0304
1.0304
1.0304
1.0304
1.03049
1.03051
1.03051
1.03051
1.03051
1.0306
1.0306
1.0306
1.03063
1.03063
1.03072
1.03072
1.03072
1.03072
1.03072
1.03075
1.03079
1.03079
1.03079
1.031
1.03114
1.03114
1.03114
1.0312
1.0312
1.0312
1.0312
1.0312
1.0312
1.0312
1.03125
1.03125
1.03125
1.03136
1.03136
1.03136
1.03136
1.0314
1.0314
1.0314
1.0314
1.0314
1.0314
1.0314
1.0314
1.03145
1.03145
1.03145
1.03158
1.03161
1.03161
1.03161
1.03165
1.0318
1.03183
1.03183
1.03183
1.03183
1.03183
1.03185
1.03203
1.03203
1.03204
1.03204
1.03204
1.03204
1.03204
1.03204
1.03205
1.03205
1.03206
1.03226
1.03226
1.03226
1.03226
1.03226
1.03226
1.03226
1.03226
1.03226
1.03247
1.03247
1.03247
1.03247
1.03247
1.03248
1.03248
1.03248
1.03248
1.03268
1.03268
1.03268
1.03268
1.03268
1.0327
1.0327
1.03286
1.03286
1.03286
1.03289
1.03289
1.03289
1.03289
1.03289
1.03289
1.03289
1.03289
1.03293
1.03307
1.03311
1.03311
1.03311
1.03311
1.03316
1.03316
1.03316
1.03316
1.03319
1.03328
1.03328
1.03328
1.03328
1.03333
1.03333
1.03333
1.03333
1.03333
1.03333
1.03333
1.03333
1.03333
1.03339
1.03343
1.03349
1.03349
1.03356
1.03356
1.03363
1.03364
1.03371
1.03371
1.03371
1.03378
1.03378
1.03385
1.03387
1.03393
1.03393
1.03393
1.03393
1.03401
1.03401
1.03401
1.03401
1.03411
1.03415
1.03415
1.03415
1.03425
1.03427
1.03427
1.03437
1.03437
1.03448
1.03448
1.03448
1.03448
1.0346
1.0346
1.0346
1.0346
1.0347
1.0347
1.03472
1.03472
1.03472
1.03472
1.0348
1.03483
1.03483
1.03483
1.03483
1.03483
1.03483
1.03488
1.03492
1.03492
1.03492
1.03497
1.03497
1.03497
1.03506
1.03506
1.03506
1.03506
1.03506
1.03506
1.03506
1.03506
1.03506
1.03506
1.03506
1.03506
1.03509
1.03514
1.03514
1.03521
1.03529
1.03529
1.03529
1.03529
1.03537
1.03537
1.03537
1.03537
1.03537
1.03544
1.03544
1.03546
1.03553
1.03553
1.03553
1.03553
1.0356
1.0356
1.0356
1.0356
1.0356
1.03566
1.03566
1.03566
1.03571
1.03578
1.03578
1.03583
1.03583
1.03583
1.03583
1.03583
1.03583
1.03588
1.03588
1.03593
1.03593
1.03602
1.03607
1.03607
1.03607
1.03607
1.03607
1.03611
1.03623
1.03627
1.03627
1.03627
1.03627
1.0363
1.0363
1.0363
1.0363
1.0363
1.03633
1.03633
1.03633
1.03636
1.03652
1.03652
1.03654
1.03654
1.03657
1.03657
1.03657
1.03657
1.03657
1.03657
1.03678
1.03678
1.03678
1.03678
1.03679
1.03679
1.03679
1.0368
1.0368
1.0368
1.0368
1.0368
1.03681
1.03682
1.03704
1.03704
1.03704
1.03704
1.03704
1.03704
1.03704
1.03704
1.03704
1.03704
1.03704
1.03704
1.03704
1.03704
1.03704
1.03704
1.03704
1.03704
1.03704
1.03704
1.03727
1.03728
1.03728
1.03728
1.03728
1.03729
1.03729
1.03729
1.0373
1.0373
1.03748
1.03752
1.03752
1.03752
1.03752
1.03752
1.03752
1.03752
1.03752
1.03754
1.03754
1.03754
1.03754
1.03754
1.03754
1.03754
1.03754
1.03774
1.03774
1.03774
1.03777
1.0378
1.0378
1.0378
1.0378
1.0378
1.03797
1.03802
1.03802
1.03802
1.03802
1.03802
1.03802
1.03806
1.03806
1.03806
1.03806
1.03822
1.03822
1.03827
1.03827
1.03827
1.03827
1.03827
1.03827
1.03833
1.03833
1.03839
1.0384
1.0384
1.03846
1.03846
1.03846
1.03846
1.03846
1.03846
1.03846
1.03853
1.03853
1.03853
1.03853
1.03853
1.03853
1.03853
1.03853
1.0386
1.0386
1.03864
1.03864
1.03864
1.03871
1.03871
1.03871
1.03871
1.03871
1.03871
1.03879
1.03879
1.03879
1.03879
1.03879
1.03879
1.03879
1.03881
1.03896
1.03896
1.03896
1.03896
1.03905
1.03905
1.03905
1.03905
1.03905
1.03905
1.03905
1.03905
1.03905
1.03912
1.03915
1.03922
1.03922
1.03922
1.03922
1.03922
1.03922
1.03932
1.03932
1.03932
1.03932
1.03932
1.03932
1.03932
1.03932
1.03937
1.03937
1.03943
1.03947
1.03947
1.03951
1.03955
1.03959
1.03959
1.03959
1.03959
1.03959
1.03962
1.03962
1.03962
1.03962
1.03974
1.03974
1.03974
1.03974
1.03974
1.03974
1.03974
1.03976
1.03976
1.03986
1.03987
1.03987
1.03987
1.03987
1.03987
1.03987
1.03987
1.03987
1.04
1.04
1.04
1.04
1.04
1.04
1.04
1.04
1.04013
1.04013
1.04013
1.04013
1.04013
1.04014
1.04014
1.04025
1.04025
1.04025
1.04025
1.04027
1.04027
1.04027
1.04027
1.04027
1.04027
1.04039
1.04039
1.04039
1.04039
1.04039
1.04039
1.04042
1.0405
1.04054
1.04054
1.0406
1.04065
1.04065
1.04065
1.04065
1.04065
1.04065
1.0407
1.04075
1.04082
1.04082
1.04082
1.04085
1.04085
1.04085
1.04089
1.04092
1.04092
1.04092
1.04092
1.04092
1.04092
1.041
1.04101
1.04101
1.0411
1.0411
1.0411
1.0411
1.0411
1.0411
1.0411
1.0411
1.04119
1.04119
1.04119
1.04119
1.04127
1.04129
1.04129
1.04129
1.04138
1.04138
1.04138
1.04146
1.04146
1.04146
1.04146
1.04146
1.04146
1.04146
1.04146
1.04146
1.04146
1.04153
1.0416
1.0416
1.0416
1.04167
1.04167
1.04174
1.04174
1.04174
1.04174
1.0418
1.0418
1.0418
1.0418
1.04186
1.04186
1.04189
1.04192
1.04192
1.04192
1.04196
1.04196
1.04196
1.04196
1.04196
1.04202
1.04202
1.04202
1.04202
1.04202
1.04202
1.04202
1.04207
1.04207
1.04207
1.04207
1.04207
1.04207
1.04212
1.04212
1.04212
1.04212
1.04212
1.04217
1.04221
1.04225
1.04225
1.0423
1.0423
1.0423
1.04235
1.04235
1.04235
1.04235
1.04235
1.04235
1.04235
1.04235
1.04235
1.04239
1.04255
1.04255
1.04259
1.04259
1.04259
1.04259
1.04259
1.04259
1.04259
1.04262
1.04262
1.04262
1.04262
1.04262
1.04262
1.04262
1.04265
1.04265
1.04265
1.04265
1.04265
1.04286
1.04288
1.04288
1.0429
1.0429
1.0429
1.0429
1.0429
1.0429
1.0429
1.0429
1.0429
1.0429
1.04293
1.04293
1.04293
1.04293
1.04293
1.04293
1.04293
1.04293
1.04293
1.04293
1.04293
1.04294
1.04294
1.04296
1.04317
1.04318
1.04318
1.04318
1.04319
1.04319
1.04319
1.04319
1.0432
1.0432
1.0432
1.0432
1.0432
1.0432
1.0432
1.0432
1.0432
1.0432
1.04321
1.04321
1.04348
1.04348
1.04348
1.04348
1.04348
1.04348
1.04348
1.04348
1.04348
1.04348
1.04348
1.04348
1.04348
1.04348
1.04348
1.04348
1.04348
1.04348
1.04348
1.04348
1.04374
1.04376
1.04376
1.04376
1.04376
1.04377
1.04377
1.04377
1.04377
1.04377
1.04377
1.04378
1.04378
1.04378
1.04378
1.04378
1.04378
1.04403
1.04403
1.04403
1.04405
1.04405
1.04405
1.04405
1.04405
1.04405
1.04407
1.04407
1.04407
1.04427
1.04427
1.04427
1.0443
1.0443
1.0443
1.04433
1.04433
1.04433
1.04433
1.04433
1.04433
1.04433
1.04433
1.04433
1.04437
1.04437
1.04437
1.04437
1.0444
1.0444
1.0444
1.04448
1.04451
1.04455
1.04455
1.04459
1.04459
1.04459
1.04463
1.04463
1.04463
1.04463
1.04463
1.04463
1.04463
1.04463
1.04467
1.04472
1.04482
1.04487
1.04487
1.04487
1.04487
1.04487
1.04493
1.04493
1.04493
1.04493
1.04493
1.04498
1.04498
1.04498
1.04498
1.04498
1.0451
1.04516
1.04516
1.04516
1.04516
1.04516
1.04516
1.04516
1.04523
1.04523
1.04523
1.04523
1.04523
1.04523
1.0453
1.04532
1.04537
1.04538
1.04538
1.04538
1.04538
1.04545
1.04553
1.04553
1.04553
1.04553
1.04553
1.04559
1.04559
1.04559
1.04561
1.04561
1.04561
1.04561
1.04567
1.04567
1.0457
1.04575
1.04575
1.04575
1.04575
1.04575
1.04575
1.04575
1.04584
1.04584
1.04584
1.04584
1.04584
1.04587
1.04594
1.04594
1.04594
1.04594
1.04596
1.04596
1.04604
1.04605
1.04605
1.04605
1.04605
1.04605
1.04605
1.04605
1.04605
1.04606
1.04615
1.04615
1.04615
1.04625
1.04625
1.04625
1.04626
1.04626
1.04626
1.04636
1.04636
1.04636
1.04636
1.04644
1.04644
1.04647
1.04647
1.04647
1.04655
1.04655
1.04659
1.04667
1.04667
1.04667
1.04667
1.04667
1.04667
1.04673
1.04673
1.04673
1.04678
1.04678
1.04679
1.04679
1.04679
1.04679
1.04679
1.04679
1.04685
1.04685
1.04685
1.04685
1.04685
1.04685
1.0469
1.0469
1.04693
1.04693
1.04693
1.04698
1.04698
1.04698
1.04698
1.04698
1.04698
1.04698
1.04698
1.04702
1.04702
1.04702
1.04708
1.04712
1.04712
1.04712
1.04715
1.04715
1.04715
1.04715
1.04718
1.0473
1.0473
1.0473
1.0473
1.0473
1.0473
1.0473
1.0473
1.04732
1.04732
1.04732
1.04732
1.04732
1.04732
1.04732
1.04732
1.04732
1.04732
1.04732
1.04732
1.04732
1.04745
1.04745
1.04746
1.04746
1.04746
1.04746
1.04746
1.04746
1.04746
1.04746
1.04747
1.04762
1.04762
1.04762
1.04762
1.04762
1.04762
1.04762
1.04762
1.04762
1.04762
1.04762
1.04762
1.04762
1.04762
1.04777
1.04778
1.04778
1.04778
1.04778
1.04778
1.04778
1.04778
1.04778
1.04778
1.04779
1.0479
1.04792
1.04792
1.04792
1.04792
1.04795
1.04795
1.04795
1.04795
1.04806
1.04806
1.04809
1.04809
1.04809
1.04809
1.04809
1.04813
1.04823
1.04823
1.04823
1.04823
1.04828
1.04828
1.04828
1.04836
1.04836
1.04836
1.04841
1.04841
1.04841
1.04841
1.04841
1.04847
1.04847
1.04854
1.04854
1.04854
1.04854
1.04861
1.04861
1.04861
1.04867
1.04874
1.04874
1.04874
1.04874
1.04874
1.04874
1.04874
1.04886
1.04886
1.04886
1.04886
1.04895
1.04895
1.04895
1.04895
1.04895
1.04897
1.04897
1.04897
1.04906
1.04907
1.04907
1.04907
1.04907
1.04907
1.04907
1.04907
1.04907
1.04908
1.04918
1.04918
1.04918
1.04918
1.04918
1.04928
1.04928
1.04928
1.04928
1.04928
1.04928
1.04928
1.04928
1.0493
1.0493
1.0493
1.0493
1.0493
1.0493
1.04938
1.04938
1.0494
1.0494
1.0494
1.0494
1.0494
1.0495
1.0495
1.0495
1.0495
1.0495
1.0495
1.0495
1.0495
1.0495
1.0495
1.0495
1.0495
1.0495
1.0496
1.0496
1.0496
1.04969
1.04974
1.04974
1.04974
1.04974
1.04974
1.04974
1.04974
1.04974
1.04983
1.04983
1.04983
1.04991
1.04992
1.04992
1.04992
1.04992
1.04992
1.04992
1.04992
1.04992
1.05
1.05
1.05
1.05
1.05
1.05
1.05009
1.05009
1.05009
1.05009
1.05009
1.05009
1.05009
1.05009
1.05015
1.05015
1.05017
1.05017
1.05017
1.05017
1.05017
1.05017
1.05024
1.05024
1.05024
1.05024
1.05024
1.05024
1.05024
1.05031
1.05031
1.05031
1.05036
1.05036
1.05043
1.05043
1.05043
1.05043
1.05043
1.05051
1.05051
1.05051
1.05051
1.05051
1.05051
1.05051
1.05051
1.05057
1.05057
1.05057
1.05057
1.05057
1.05057
1.05057
1.05063
1.05063
1.05063
1.05069
1.05079
1.05079
1.05079
1.05085
1.05085
1.05085
1.05085
1.05085
1.05085
1.05085
1.0509
1.0509
1.0509
1.0509
1.0509
1.0509
1.0509
1.05096
1.05096
1.05096
1.05096
1.051
1.05105
1.05105
1.05105
1.05105
1.05105
1.05115
1.05115
1.05115
1.05119
1.05119
1.05119
1.05119
1.05119
1.05119
1.05119
1.05119
1.05119
1.05119
1.05119
1.05124
1.05124
1.05124
1.05124
1.05124
1.05124
1.05124
1.05124
1.05124
1.05124
1.05124
1.05124
1.05124
1.05124
1.05128
1.05128
1.05128
1.05128
1.05128
1.05128
1.05128
1.05132
1.05132
1.05132
1.05136
1.05136
1.05136
1.0514
1.05155
1.05155
1.05155
1.05155
1.05158
1.05158
1.05158
1.05158
1.05158
1.05158
1.05158
1.05158
1.05161
1.05161
1.05161
1.05161
1.05161
1.05161
1.05161
1.05164
1.05167
1.05185
1.0519
1.0519
1.0519
1.0519
1.0519
1.05193
1.05193
1.05193
1.05193
1.05193
1.05193
1.05193
1.05193
1.05193
1.05195
1.05195
1.05195
1.05195
1.05195
1.05195
1.05195
1.05195
1.05197
1.05197
1.05199
1.05224
1.05224
1.05225
1.05225
1.05226
1.05226
1.05228
1.05228
1.05228
1.05228
1.05228
1.05228
1.05229
1.05229
1.05229
1.05229
1.0523
1.0523
1.0523
1.0523
1.0523
1.0523
1.05231
1.05231
1.05231
1.05231
1.05263
1.05263
1.05263
1.05263
1.05263
1.05263
1.05263
1.05263
1.05263
1.05263
1.05263
1.05263
1.05263
1.05263
1.05263
1.05263
1.05263
1.05263
1.05263
1.05263
1.05263
1.05263
1.05263
1.05263
1.05263
1.05263
1.05263
1.05263
1.05295
1.05296
1.05297
1.05297
1.05297
1.05297
1.05297
1.05297
1.05297
1.05297
1.05297
1.05297
1.05298
1.05298
1.05298
1.05298
1.05298
1.05298
1.05298
1.05299
1.05299
1.05299
1.05299
1.05299
1.05299
1.05299
1.053
1.053
1.05329
1.05329
1.05331
1.05331
1.05331
1.05331
1.05331
1.05331
1.05331
1.05331
1.05333
1.05333
1.05333
1.05333
1.05333
1.05333
1.05336
1.05336
1.05338
1.05338
1.05338
1.05338
1.05338
1.05338
1.05357
1.05357
1.0536
1.05363
1.05363
1.05363
1.05363
1.05363
1.05366
1.05366
1.05366
1.05366
1.05366
1.05366
1.05366
1.05366
1.05366
1.05366
1.05369
1.05369
1.05369
1.05369
1.05373
1.05373
1.05373
1.05373
1.05376
1.05376
1.05389
1.05389
1.05393
1.05393
1.05393
1.05397
1.05397
1.05397
1.05401
1.05401
1.05401
1.05401
1.05405
1.05405
1.05405
1.05405
1.05405
1.05405
1.0541
1.0541
1.0541
1.0541
1.0541
1.0541
1.05415
1.05421
1.05431
1.05431
1.05431
1.05431
1.05431
1.05431
1.05431
1.05431
1.05431
1.05431
1.05437
1.05437
1.05437
1.05437
1.05437
1.05437
1.05437
1.05437
1.05437
1.05437
1.05437
1.05437
1.05442
1.05442
1.05442
1.05442
1.05442
1.05442
1.05442
1.05442
1.05442
1.05442
1.05448
1.05448
1.05455
1.05455
1.0546
1.0546
1.05461
1.05466
1.05466
1.05466
1.05466
1.05466
1.05466
1.05466
1.05473
1.05473
1.05473
1.05473
1.05473
1.05473
1.05473
1.05473
1.05473
1.05473
1.05473
1.05479
1.05479
1.05479
1.05479
1.05487
1.05487
1.05487
1.05488
1.05495
1.05495
1.05495
1.05495
1.05495
1.05495
1.05502
1.05502
1.05502
1.05502
1.05502
1.05502
1.05509
1.05509
1.05509
1.05509
1.05509
1.05509
1.05509
1.05517
1.05517
1.05517
1.05517
1.05517
1.05529
1.05529
1.05529
1.05529
1.05537
1.05537
1.05537
1.05537
1.05537
1.05537
1.05537
1.05537
1.05537
1.05545
1.05546
1.05546
1.05546
1.05546
1.05546
1.05546
1.05546
1.05546
1.05556
1.05556
1.05556
1.05556
1.05564
1.05564
1.05564
1.05564
1.05572
1.05574
1.05574
1.05574
1.05574
1.05574
1.05574
1.05574
1.05574
1.05576
1.05584
1.05584
1.05584
1.05584
1.05584
1.05584
1.05584
1.05584
1.05584
1.05584
1.05584
1.0559
1.0559
1.0559
1.05594
1.056
1.056
1.056
1.056
1.056
1.056
1.05606
1.05611
1.05611
1.05611
1.05611
1.05611
1.05611
1.05611
1.05611
1.05611
1.05611
1.05611
1.05611
1.05615
1.05615
1.05622
1.05622
1.05622
1.05622
1.05622
1.05622
1.05622
1.05622
1.05622
1.05622
1.05622
1.05625
1.05625
1.05625
1.05634
1.05634
1.05634
1.05634
1.05634
1.05636
1.05636
1.05636
1.05636
1.05636
1.05636
1.05636
1.05636
1.05648
1.05648
1.05648
1.05648
1.05648
1.05648
1.05648
1.05648
1.05648
1.05648
1.05648
1.05648
1.05649
1.05649
1.0566
1.0566
1.0566
1.0566
1.0566
1.0566
1.0566
1.0566
1.0566
1.0566
1.0566
1.0566
1.0566
1.0566
1.0566
1.05672
1.05673
1.05673
1.05673
1.05673
1.05673
1.05674
1.05674
1.05684
1.05686
1.05686
1.05686
1.05686
1.05686
1.05686
1.05686
1.05686
1.05686
1.05686
1.05696
1.05696
1.05696
1.05696
1.05696
1.05696
1.05696
1.05696
1.05699
1.05699
1.05699
1.05699
1.05699
1.05706
1.05706
1.0571
1.0571
1.0571
1.0571
1.0571
1.0571
1.0571
1.05714
1.05714
1.05714
1.05714
1.05714
1.05714
1.05719
1.05719
1.05719
1.05719
1.05724
1.05724
1.05724
1.05724
1.05724
1.05724
1.05724
1.05732
1.05732
1.05732
1.05732
1.05732
1.05732
1.05732
1.05732
1.05732
1.05739
1.05739
1.05739
1.05739
1.05739
1.0574
1.05747
1.05747
1.05747
1.05747
1.05747
1.05747
1.05747
1.05747
1.05747
1.05747
1.05754
1.05754
1.05754
1.05763
1.05763
1.05763
1.05763
1.05763
1.05763
1.05763
1.05763
1.05763
1.05763
1.05763
1.05763
1.05769
1.05769
1.05769
1.05769
1.05769
1.05769
1.05769
1.05769
1.05775
1.05779
1.05779
1.05779
1.05779
1.05785
1.05785
1.05785
1.05785
1.05785
1.05785
1.05785
1.05785
1.05785
1.0579
1.0579
1.0579
1.0579
1.0579
1.05795
1.05802
1.05802
1.05802
1.05806
1.05806
1.05806
1.05806
1.05806
1.05806
1.05806
1.05806
1.05806
1.05806
1.0581
1.05816
1.0582
1.0582
1.0582
1.0582
1.0582
1.0582
1.05824
1.05824
1.05824
1.05827
1.05827
1.05827
1.0583
1.0583
1.05839
1.05842
1.05842
1.05842
1.05842
1.05844
1.05844
1.05844
1.05844
1.05848
1.05861
1.05861
1.05861
1.05863
1.05863
1.05863
1.05863
1.05863
1.05863
1.05863
1.05863
1.05864
1.05864
1.05864
1.05865
1.05882
1.05882
1.05882
1.05882
1.05882
1.05882
1.05882
1.05882
1.05882
1.05882
1.05899
1.059
1.05901
1.05901
1.05901
1.05901
1.05901
1.05901
1.05902
1.05902
1.05902
1.05902
1.05902
1.05902
1.05902
1.05902
1.05902
1.05902
1.05902
1.05902
1.05903
1.05903
1.05903
1.05917
1.05919
1.05919
1.05919
1.05919
1.05921
1.05921
1.05921
1.05921
1.05921
1.05921
1.05921
1.05921
1.05921
1.05921
1.05921
1.05923
1.05923
1.05923
1.05923
1.05923
1.05936
1.05936
1.05936
1.05936
1.05939
1.05939
1.05939
1.05939
1.05939
1.05939
1.05939
1.05942
1.05942
1.05942
1.05942
1.05942
1.05942
1.05946
1.05946
1.05952
1.05952
1.05956
1.05956
1.0596
1.0596
1.0596
1.0596
1.0596
1.0596
1.0596
1.0596
1.0596
1.0596
1.05965
1.05965
1.05965
1.05965
1.05965
1.05965
1.05972
1.05972
1.05972
1.05972
1.05977
1.05977
1.05977
1.05977
1.05977
1.05977
1.05977
1.05983
1.05983
1.05983
1.05983
1.05983
1.05983
1.05983
1.05989
1.05994
1.05994
1.05994
1.05994
1.05994
1.05994
1.06
1.06
1.06
1.06
1.06
1.06
1.06
1.06007
1.06007
1.06007
1.06007
1.06007
1.06007
1.06009
1.06016
1.06016
1.06016
1.06016
1.06016
1.06016
1.06016
1.06024
1.06024
1.06024
1.06024
1.06024
1.06024
1.06024
1.06032
1.06032
1.06032
1.06032
1.06032
1.06033
1.06038
1.06038
1.0604
1.0604
1.0604
1.0604
1.06047
1.0605
1.0605
1.0605
1.06056
1.06056
1.06056
1.06056
1.06056
1.06061
1.06066
1.06066
1.06066
1.0607
1.0607
1.0607
1.0607
1.0607
1.06077
1.06081
1.06081
1.06081
1.06081
1.06081
1.06081
1.06081
1.06081
1.06084
1.06084
1.06096
1.06096
1.06096
1.06096
1.06096
1.06096
1.06096
1.06096
1.06096
1.06096
1.06096
1.06096
1.06098
1.06098
1.06108
1.06108
1.06108
1.06108
1.06108
1.06109
1.06109
1.06109
1.06109
1.0611
1.06122
1.06122
1.06122
1.06122
1.06122
1.06122
1.06122
1.06122
1.06122
1.06122
1.06122
1.06135
1.06136
1.06136
1.06136
1.06136
1.06136
1.06136
1.06136
1.06136
1.06136
1.06136
1.06137
1.06137
1.06147
1.06147
1.06149
1.06149
1.06151
1.06151
1.06151
1.06154
1.06161
1.06161
1.06161
1.06161
1.06164
1.06164
1.06164
1.06164
1.06164
1.06164
1.06164
1.06164
1.06164
1.06164
1.06164
1.06164
1.06164
1.06164
1.06173
1.06177
1.06177
1.06177
1.06177
1.06177
1.06177
1.06177
1.06177
1.06177
1.06182
1.06182
1.06182
1.06189
1.06189
1.06189
1.06189
1.06189
1.06189
1.06189
1.06195
1.06195
1.06195
1.06195
1.06195
1.06195
1.062
1.062
1.062
1.062
1.062
1.06207
1.06207
1.06207
1.06207
1.06211
1.06211
1.06211
1.06215
1.06218
1.06218
1.06218
1.06218
1.06218
1.06222
1.06222
1.06227
1.0623
1.0623
1.0623
1.0623
1.0623
1.06231
1.06239
1.06239
1.06239
1.06239
1.0624
1.0624
1.0624
1.0624
1.0624
1.0624
1.0624
1.0625
1.0625
1.0625
1.0625
1.0625
1.0625
1.0625
1.0625
1.0626
1.0626
1.06261
1.06261
1.06261
1.06261
1.06271
1.06271
1.06271
1.06271
1.06271
1.06271
1.0628
1.0628
1.0628
1.0628
1.0628
1.06284
1.06289
1.06289
1.06289
1.06294
1.06294
1.06294
1.06294
1.06294
1.06298
1.06303
1.06303
1.06303
1.06303
1.06303
1.06303
1.06303
1.06303
1.06303
1.06303
1.06312
1.06312
1.06312
1.06312
1.06312
1.06312
1.06312
1.06321
1.06321
1.06321
1.06321
1.06321
1.06321
1.06329
1.06329
1.06329
1.06329
1.06329
1.06329
1.06329
1.06329
1.06329
1.06329
1.06337
1.06337
1.06338
1.06338
1.06338
1.06344
1.06346
1.06346
1.06346
1.06346
1.06355
1.06355
1.06355
1.06355
1.06355
1.06355
1.06355
1.06362
1.06362
1.06362
1.06362
1.06362
1.06362
1.06362
1.06369
1.06369
1.06369
1.06369
1.06369
1.06369
1.06369
1.06369
1.06375
1.06376
1.06376
1.06376
1.06383
1.06383
1.06383
1.06383
1.06383
1.06383
1.06383
1.0639
1.0639
1.0639
1.0639
1.06395
1.06397
1.06397
1.06397
1.06397
1.06397
1.06397
1.06397
1.06397
1.06397
1.06397
1.06397
1.06397
1.06404
1.06404
1.06404
1.06404
1.06404
1.06404
1.06404
1.06404
1.06404
1.06404
1.06404
1.0641
1.0641
1.0641
1.0641
1.06416
1.06416
1.06416
1.06422
1.06422
1.06429
1.06429
1.06429
1.06429
1.06435
1.06435
1.06435
1.06435
1.06435
1.06435
1.06435
1.06441
1.06441
1.06441
1.06441
1.06441
1.06441
1.06441
1.06441
1.06441
1.06441
1.06446
1.06446
1.06446
1.06446
1.06446
1.06446
1.06452
1.06452
1.06452
1.06452
1.06457
1.06457
1.06457
1.06457
1.06457
1.06457
1.06457
1.06466
1.06475
1.0648
1.0648
1.0648
1.0648
1.0648
1.0648
1.0648
1.06485
1.06485
1.06485
1.06485
1.06485
1.06485
1.06485
1.06485
1.06485
1.06485
1.06489
1.06489
1.06489
1.06489
1.06489
1.06489
1.06489
1.06489
1.06489
1.06489
1.06489
1.06489
1.06489
1.06489
1.06489
1.06494
1.06494
1.06494
1.06498
1.06498
1.06498
1.06498
1.06498
1.06502
1.06502
1.06505
1.06509
1.06526
1.06526
1.06526
1.06526
1.06526
1.06526
1.06529
1.06529
1.06529
1.06529
1.06529
1.06529
1.06533
1.06533
1.06533
1.06533
1.06533
1.06533
1.06533
1.06533
1.06533
1.06536
1.06536
1.06536
1.06536
1.06536
1.06539
1.06539
1.06539
1.06539
1.06539
1.06539
1.06539
1.06542
1.06542
1.06542
1.06545
1.06545
1.06545
1.06553
1.06574
1.06574
1.06574
1.06574
1.06574
1.06574
1.06574
1.06574
1.06574
1.06574
1.06577
1.06577
1.06577
1.06577
1.06577
1.06579
1.06579
1.06579
1.06579
1.06579
1.06579
1.06581
1.06581
1.06581
1.06581
1.06581
1.06581
1.06581
1.06581
1.06581
1.06583
1.06583
1.06587
1.0662
1.0662
1.0662
1.0662
1.0662
1.0662
1.06621
1.06621
1.06621
1.06621
1.06621
1.06621
1.06621
1.06621
1.06621
1.06621
1.06623
1.06623
1.06623
1.06623
1.06623
1.06623
1.06623
1.06624
1.06624
1.06624
1.06624
1.06624
1.06624
1.06625
1.06625
1.06625
1.06625
1.06625
1.06625
1.06625
1.06626
1.06626
1.06626
1.06627
1.06667
1.06667
1.06667
1.06667
1.06667
1.06667
1.06667
1.06667
1.06667
1.06667
1.06667
1.06667
1.06667
1.06667
1.06667
1.06667
1.06667
1.06667
1.06667
1.06667
1.06667
1.06667
1.06667
1.06667
1.06667
1.06667
1.06667
1.06667
1.06667
1.06667
1.06667
1.06667
1.06667
1.06667
1.06708
1.06708
1.06708
1.06708
1.06709
1.06709
1.06709
1.06709
1.06709
1.06709
1.06709
1.06709
1.06709
1.06709
1.0671
1.0671
1.0671
1.0671
1.0671
1.0671
1.0671
1.06711
1.06711
1.06711
1.06711
1.06711
1.06713
1.06713
1.06713
1.06713
1.06713
1.06714
1.06714
1.06714
1.06714
1.06715
1.06747
1.06748
1.06748
1.0675
1.0675
1.0675
1.0675
1.0675
1.06752
1.06752
1.06752
1.06752
1.06752
1.06752
1.06752
1.06752
1.06755
1.06755
1.06755
1.06755
1.06755
1.06755
1.06755
1.06755
1.06757
1.06757
1.06757
1.06757
1.06757
1.06757
1.06757
1.06757
1.06757
1.06757
1.06757
1.06757
1.06757
1.06757
1.06757
1.06757
1.06759
1.06759
1.06759
1.06759
1.06759
1.06759
1.06759
1.06759
1.06759
1.06762
1.06762
1.06764
1.06767
1.06785
1.06785
1.0679
1.06793
1.06793
1.06793
1.06793
1.06793
1.06793
1.06796
1.06796
1.06796
1.06796
1.06796
1.06796
1.06799
1.06799
1.06799
1.06799
1.06799
1.06799
1.06799
1.06803
1.06803
1.06803
1.06803
1.06803
1.06803
1.06803
1.06803
1.06803
1.06806
1.06806
1.06806
1.06806
1.0681
1.06821
1.06832
1.06836
1.06836
1.0684
1.0684
1.0684
1.0684
1.0684
1.0684
1.0684
1.06845
1.06845
1.06845
1.06845
1.06845
1.06845
1.06845
1.06845
1.06845
1.06845
1.06845
1.06849
1.06849
1.06849
1.06849
1.06849
1.06849
1.06849
1.06854
1.06854
1.06854
1.06859
1.06859
1.0687
1.0687
1.06875
1.06875
1.0688
1.0688
1.0688
1.0688
1.0688
1.0688
1.0688
1.06885
1.06885
1.06885
1.06885
1.06885
1.06885
1.06891
1.06891
1.06891
1.06891
1.06891
1.06891
1.06891
1.06891
1.06891
1.06897
1.06897
1.06903
1.06903
1.06907
1.06909
1.06909
1.06909
1.06912
1.06916
1.06918
1.06918
1.06918
1.06918
1.06924
1.06924
1.06924
1.06924
1.06924
1.06924
1.06924
1.06924
1.06931
1.06931
1.06931
1.06931
1.06931
1.06931
1.06931
1.06931
1.06937
1.06937
1.06937
1.06937
1.06937
1.06937
1.06937
1.06942
1.06944
1.06944
1.06944
1.06944
1.06944
1.06949
1.06949
1.06949
1.06952
1.06952
1.06955
1.06955
1.06955
1.06958
1.0696
1.06962
1.06962
1.06962
1.06969
1.06969
1.06969
1.06969
1.06969
1.06969
1.06969
1.06977
1.06977
1.06977
1.06977
1.06977
1.06977
1.06977
1.06977
1.06977
1.06977
1.06977
1.06977
1.06977
1.06977
1.06977
1.06977
1.06977
1.06977
1.06977
1.06984
1.06985
1.06985
1.06985
1.06985
1.06985
1.06985
1.06985
1.06985
1.06985
1.06993
1.06998
1.06998
1.07002
1.07002
1.07003
1.07006
1.07006
1.07006
1.07006
1.07006
1.07006
1.07015
1.07015
1.07015
1.07015
1.07015
1.07015
1.07023
1.07023
1.07023
1.07023
1.07023
1.07023
1.07023
1.07023
1.07033
1.07033
1.07033
1.07042
1.07042
1.07042
1.07042
1.07051
1.07051
1.07051
1.07051
1.07051
1.07052
1.07061
1.07061
1.07061
1.07061
1.07061
1.07063
1.07063
1.07071
1.07071
1.07071
1.07071
1.07071
1.07071
1.07077
1.07077
1.07081
1.07081
1.07081
1.07081
1.07081
1.07087
1.07087
1.07087
1.07087
1.07087
1.07087
1.07092
1.07092
1.07092
1.07097
1.07097
1.07097
1.07097
1.07097
1.07107
1.07107
1.07107
1.07107
1.07107
1.07107
1.07107
1.07107
1.07107
1.0711
1.0711
1.07119
1.07119
1.07119
1.07119
1.07119
1.07119
1.07119
1.07119
1.07119
1.07119
1.07119
1.07119
1.07119
1.07119
1.07121
1.07121
1.07121
1.07121
1.0713
1.0713
1.0713
1.0713
1.07132
1.07132
1.07132
1.07132
1.07132
1.07133
1.07143
1.07143
1.07143
1.07143
1.07143
1.07143
1.07143
1.07143
1.07143
1.07143
1.07143
1.07154
1.07154
1.07155
1.07155
1.07155
1.07155
1.07155
1.07155
1.07155
1.07155
1.07155
1.07155
1.07155
1.07165
1.07165
1.07165
1.07165
1.07165
1.07165
1.07167
1.07167
1.07167
1.07167
1.07167
1.07167
1.07167
1.07167
1.07167
1.07167
1.07167
1.07167
1.07177
1.07177
1.07177
1.07177
1.07177
1.07177
1.0718
1.0718
1.0718
1.0719
1.0719
1.0719
1.0719
1.0719
1.07194
1.07194
1.07198
1.07198
1.07203
1.07203
1.07203
1.07203
1.07203
1.07203
1.07203
1.07203
1.07203
1.07203
1.07203
1.0721
1.0721
1.0721
1.0721
1.0721
1.0721
1.0721
1.0721
1.0721
1.07216
1.07216
1.07216
1.07216
1.07216
1.07216
1.07216
1.07223
1.07223
1.07223
1.07223
1.07223
1.07223
1.07223
1.07229
1.07231
1.07231
1.07231
1.07231
1.07237
1.07237
1.07237
1.07237
1.07237
1.07237
1.07237
1.07237
1.07242
1.07242
1.07242
1.07242
1.07242
1.07242
1.07251
1.07251
1.07251
1.07251
1.07251
1.07256
1.07256
1.07256
1.07256
1.07256
1.07256
1.07256
1.07266
1.07266
1.07266
1.0727
1.0727
1.0727
1.0727
1.0727
1.07273
1.07282
1.07282
1.07282
1.07285
1.07285
1.07285
1.07285
1.07285
1.07285
1.07285
1.07285
1.07285
1.07285
1.07285
1.07285
1.07285
1.07287
1.07299
1.07301
1.07301
1.07301
1.07301
1.07301
1.07301
1.07301
1.07301
1.07301
1.07301
1.07301
1.07302
1.07302
1.07302
1.07302
1.07302
1.07302
1.07302
1.07302
1.07317
1.07317
1.07317
1.07317
1.07317
1.07317
1.07317
1.07317
1.07317
1.07317
1.07317
1.07317
1.07317
1.07317
1.07317
1.07317
1.07317
1.07332
1.07332
1.07332
1.07332
1.07333
1.07333
1.07333
1.07333
1.07333
1.07333
1.07333
1.07335
1.07335
1.07348
1.07348
1.07348
1.0735
1.0735
1.0735
1.0735
1.07357
1.07362
1.07362
1.07365
1.07365
1.07365
1.07365
1.07365
1.07365
1.07365
1.07365
1.07365
1.07365
1.07365
1.07365
1.07365
1.07368
1.07368
1.07368
1.07368
1.07378
1.07383
1.07383
1.07383
1.07383
1.07383
1.07383
1.07383
1.07383
1.07383
1.07383
1.07383
1.07387
1.07387
1.07387
1.07391
1.07395
1.07395
1.07395
1.07395
1.07395
1.07395
1.07395
1.07395
1.07395
1.07401
1.07401
1.07401
1.07407
1.07407
1.07407
1.07407
1.07414
1.07414
1.07414
1.07414
1.07414
1.07414
1.07414
1.07414
1.07414
1.07414
1.0742
1.0742
1.0742
1.0742
1.07425
1.07425
1.07425
1.07425
1.07429
1.07432
1.07432
1.07432
1.07432
1.07432
1.07432
1.07432
1.07432
1.07432
1.07436
1.07441
1.07441
1.07443
1.07443
1.07443
1.07443
1.07443
1.07443
1.07443
1.07443
1.07445
1.07452
1.07452
1.07452
1.07452
1.07453
1.07453
1.07453
1.07463
1.07463
1.07463
1.07463
1.07463
1.07463
1.07463
1.07463
1.07463
1.07463
1.07463
1.07463
1.07472
1.07472
1.07472
1.07472
1.07472
1.07472
1.07472
1.07472
1.07473
1.07473
1.07481
1.07483
1.07483
1.07483
1.07483
1.07483
1.07483
1.07483
1.07483
1.07483
1.07492
1.07492
1.07492
1.07492
1.07492
1.07492
1.07492
1.07492
1.075
1.075
1.07504
1.07504
1.07504
1.07504
1.07508
1.07508
1.07513
1.07513
1.07513
1.07513
1.07513
1.07513
1.07513
1.07513
1.07513
1.07513
1.07513
1.0752
1.0752
1.0752
1.0752
1.07527
1.07527
1.07527
1.07533
1.07534
1.07534
1.07534
1.07541
1.07541
1.07541
1.07541
1.07541
1.07541
1.07541
1.07541
1.07541
1.07541
1.07541
1.07541
1.07541
1.07541
1.07541
1.07541
1.07547
1.07547
1.07547
1.07547
1.07557
1.07557
1.07557
1.07557
1.07557
1.07563
1.07563
1.07563
1.07563
1.07563
1.07563
1.07563
1.07563
1.07563
1.07563
1.07563
1.07563
1.07563
1.07568
1.07568
1.07568
1.07568
1.07568
1.07568
1.07568
1.07568
1.07568
1.07568
1.07568
1.07581
1.07586
1.07586
1.07586
1.07586
1.07586
1.07586
1.07586
1.07591
1.07591
1.07591
1.07591
1.07591
1.07591
1.07591
1.07591
1.07591
1.07591
1.07591
1.07595
1.07595
1.07595
1.07595
1.07595
1.07599
1.07611
1.07611
1.07614
1.07614
1.07614
1.07614
1.07614
1.07614
1.07614
1.07614
1.07614
1.07618
1.07618
1.07618
1.07618
1.07618
1.07618
1.07618
1.07618
1.07618
1.07618
1.07618
1.07621
1.07621
1.07636
1.07639
1.07639
1.07639
1.07639
1.07639
1.07639
1.07639
1.07641
1.07641
1.07641
1.07641
1.07641
1.07641
1.07641
1.07643
1.07643
1.07645
1.07645
1.07645
1.07647
1.07662
1.07664
1.07666
1.07666
1.07666
1.07667
1.07667
1.07667
1.07667
1.07667
1.07667
1.07667
1.07667
1.07668
1.07668
1.07668
1.07668
1.07668
1.07668
1.07669
1.07669
1.07692
1.07692
1.07692
1.07692
1.07692
1.07692
1.07692
1.07692
1.07692
1.07692
1.07692
1.07692
1.07692
1.07692
1.07692
1.07692
1.07692
1.07692
1.07692
1.07692
1.07692
1.07692
1.07692
1.07692
1.07692
1.07692
1.07692
1.07692
1.07692
1.07692
1.07715
1.07717
1.07717
1.07718
1.07718
1.07718
1.07718
1.07718
1.07718
1.07718
1.07718
1.07718
1.07718
1.07718
1.07718
1.07719
1.07719
1.07719
1.07719
1.07719
1.07719
1.0772
1.0772
1.0774
1.0774
1.07742
1.07742
1.07742
1.07742
1.07742
1.07742
1.07744
1.07744
1.07744
1.07744
1.07744
1.07744
1.07744
1.07744
1.07744
1.07744
1.07746
1.07746
1.07746
1.07746
1.07746
1.07763
1.07763
1.07763
1.07763
1.07765
1.07765
1.07765
1.07765
1.07765
1.07769
1.07769
1.07769
1.07769
1.07769
1.07769
1.07769
1.07769
1.07772
1.07772
1.07772
1.07772
1.07772
1.07772
1.07772
1.07788
1.07788
1.07788
1.07788
1.07792
1.07792
1.07792
1.07792
1.07792
1.07792
1.07792
1.07792
1.07792
1.07792
1.07792
1.07792
1.07797
1.07797
1.07797
1.07797
1.07797
1.07797
1.07797
1.07797
1.07797
1.07797
1.07797
1.07797
1.07797
1.07797
1.07797
1.07797
1.07801
1.07801
1.07801
1.07801
1.0781
1.0781
1.07815
1.07815
1.07815
1.07815
1.07815
1.07815
1.07815
1.0782
1.0782
1.0782
1.0782
1.0782
1.0782
1.0782
1.0782
1.0782
1.0782
1.0782
1.0782
1.07826
1.07826
1.07826
1.07826
1.07826
1.07826
1.07826
1.07826
1.07831
1.07831
1.07832
1.07837
1.07837
1.07837
1.07837
1.07837
1.07843
1.07843
1.07843
1.07843
1.07843
1.07843
1.07843
1.07843
1.07843
1.07843
1.07843
1.07843
1.07843
1.07843
1.0785
1.0785
1.0785
1.0785
1.0785
1.0785
1.0785
1.0785
1.0785
1.0785
1.0785
1.07857
1.07857
1.07858
1.07865
1.07865
1.07865
1.07865
1.07865
1.07865
1.07865
1.07865
1.07873
1.07873
1.07873
1.07873
1.07873
1.07873
1.07873
1.07873
1.07873
1.07873
1.07873
1.07873
1.07881
1.07881
1.07881
1.07881
1.07881
1.07886
1.07886
1.07886
1.07886
1.07886
1.07886
1.07895
1.07895
1.07895
1.07895
1.07895
1.07895
1.07895
1.07899
1.07899
1.07904
1.07904
1.07904
1.07904
1.07904
1.07904
1.07904
1.07904
1.07904
1.07914
1.07914
1.07914
1.07916
1.07916
1.07916
1.07916
1.07916
1.07916
1.07916
1.07916
1.07916
1.07916
1.07916
1.07916
1.07916
1.07918
1.07926
1.07926
1.07926
1.07926
1.07926
1.07926
1.07926
1.07926
1.07926
1.07926
1.07927
1.07927
1.07937
1.07947
1.07947
1.07947
1.07947
1.07947
1.07947
1.07947
1.07947
1.07947
1.07947
1.07948
1.07956
1.07956
1.07956
1.07956
1.07958
1.07958
1.07958
1.07958
1.07958
1.07958
1.07958
1.07961
1.07965
1.07967
1.07967
1.07967
1.07967
1.07967
1.07967
1.07971
1.07975
1.07975
1.0798
1.0798
1.0798
1.0798
1.0798
1.0798
1.0798
1.0798
1.0798
1.0798
1.07987
1.07987
1.07987
1.07987
1.07987
1.07987
1.07993
1.07993
1.07993
1.07993
1.07994
1.07994
1.07994
1.07994
1.08
1.08
1.08
1.08
1.08
1.08
1.08
1.08
1.08006
1.08006
1.08006
1.08006
1.08006
1.08012
1.08014
1.08014
1.08014
1.08014
1.0802
1.0802
1.0802
1.0802
1.0802
1.0802
1.0802
1.0802
1.0802
1.08025
1.08025
1.08025
1.08034
1.08034
1.08034
1.08034
1.08034
1.08034
1.08034
1.08034
1.08034
1.08034
1.08039
1.08039
1.08039
1.08039
1.08039
1.08039
1.08039
1.08039
1.08039
1.08039
1.08039
1.08039
1.08039
1.08042
1.08042
1.08042
1.08042
1.0805
1.08054
1.08054
1.08054
1.08054
1.08054
1.08054
1.08054
1.08054
1.08054
1.08054
1.08054
1.08054
1.08054
1.08054
1.08057
1.08057
1.0807
1.0807
1.0807
1.0807
1.08072
1.08072
1.08072
1.08072
1.08072
1.08072
1.08072
1.08075
1.0809
1.0809
1.0809
1.08091
1.08091
1.08091
1.08091
1.08091
1.08091
1.08091
1.08091
1.08091
1.08092
1.08092
1.08092
1.08108
1.08108
1.08108
1.08108
1.08108
1.08108
1.08108
1.08108
1.08108
1.08108
1.08108
1.08108
1.08125
1.08125
1.08126
1.08126
1.08126
1.08126
1.08126
1.08126
1.08126
1.08126
1.08126
1.08126
1.08126
1.08127
1.08127
1.08127
1.08141
1.08141
1.08141
1.08143
1.08143
1.08143
1.08143
1.08143
1.08143
1.08143
1.08143
1.08146
1.08146
1.08148
1.08148
1.0816
1.0816
1.0816
1.08163
1.08163
1.08163
1.08163
1.08163
1.08163
1.08163
1.08163
1.08163
1.08163
1.08163
1.08167
1.08176
1.08176
1.08176
1.0818
1.0818
1.0818
1.0818
1.0818
1.0818
1.0818
1.0818
1.0818
1.0818
1.0818
1.0818
1.08185
1.08192
1.08197
1.08197
1.08197
1.08197
1.08197
1.08197
1.08202
1.08202
1.08202
1.08202
1.08207
1.08207
1.08213
1.08213
1.08213
1.08213
1.08213
1.08213
1.08213
1.08219
1.08219
1.08219
1.08219
1.08219
1.08219
1.08219
1.08219
1.08219
1.08228
1.08228
1.08228
1.08228
1.08228
1.08235
1.08235
1.08235
1.08235
1.08235
1.08235
1.08235
1.08235
1.08235
1.08235
1.08235
1.08243
1.08243
1.08243
1.08243
1.08243
1.08244
1.08251
1.08251
1.08251
1.08251
1.08251
1.08251
1.08251
1.08251
1.08251
1.08257
1.0826
1.08266
1.08266
1.08266
1.08266
1.08266
1.08266
1.08271
1.08271
1.08276
1.08276
1.08276
1.08276
1.0828
1.0828
1.0828
1.0828
1.0828
1.0828
1.08284
1.08291
1.08291
1.08291
1.08291
1.08291
1.08291
1.08291
1.08291
1.08291
1.08291
1.08291
1.08294
1.08303
1.08303
1.08303
1.08306
1.08306
1.08306
1.08306
1.08306
1.08306
1.08306
1.08308
1.08308
1.08319
1.08319
1.08319
1.08319
1.0832
1.0832
1.0832
1.0832
1.0832
1.0832
1.0832
1.0832
1.08333
1.08333
1.08333
1.08333
1.08333
1.08333
1.08333
1.08333
1.08333
1.08333
1.08333
1.08333
1.08333
1.08333
1.08333
1.08346
1.08346
1.08348
1.08348
1.08348
1.08359
1.08359
1.08359
1.08359
1.08361
1.08361
1.08361
1.08361
1.08361
1.08361
1.08361
1.08361
1.08371
1.08371
1.08374
1.08374
1.08374
1.08374
1.08374
1.08374
1.08374
1.08374
1.08374
1.08378
1.08378
1.08387
1.08387
1.08387
1.08387
1.08387
1.08387
1.08387
1.08387
1.08387
1.08392
1.08392
1.08392
1.08392
1.08399
1.08399
1.08399
1.08399
1.08405
1.08405
1.08405
1.08405
1.08405
1.08411
1.08411
1.08418
1.08418
1.08418
1.08418
1.08418
1.08418
1.08418
1.08418
1.08418
1.08418
1.08418
1.08418
1.08423
1.08423
1.0843
1.0843
1.0843
1.0843
1.0843
1.0843
1.0843
1.0843
1.0843
1.0843
1.0843
1.08438
1.08438
1.08438
1.08442
1.08442
1.08442
1.08442
1.08442
1.08442
1.08442
1.08442
1.08442
1.08451
1.08451
1.08453
1.08453
1.08453
1.08453
1.08453
1.08453
1.08453
1.08453
1.08453
1.08453
1.08463
1.08463
1.08463
1.08463
1.08463
1.08463
1.08463
1.08463
1.08463
1.08464
1.08464
1.08464
1.08464
1.08464
1.08475
1.08475
1.08475
1.08475
1.08475
1.08475
1.08475
1.08475
1.08475
1.08475
1.08475
1.08475
1.08475
1.08485
1.08485
1.08486
1.08486
1.08486
1.08486
1.08486
1.08486
1.08486
1.08486
1.08497
1.08497
1.08497
1.08497
1.08497
1.08507
1.08507
1.08507
1.08507
1.08507
1.08507
1.08507
1.08511
1.08511
1.08511
1.08517
1.08517
1.08522
1.08522
1.08522
1.08522
1.08522
1.08522
1.08522
1.08522
1.08522
1.08522
1.08527
1.08532
1.08532
1.08532
1.08532
1.08532
1.08532
1.08532
1.08532
1.08543
1.08543
1.08543
1.08543
1.08543
1.08543
1.08543
1.08543
1.08543
1.08543
1.08546
1.0855
1.08553
1.08553
1.08553
1.08553
1.08553
1.08553
1.08553
1.08553
1.08553
1.08562
1.08562
1.08562
1.08562
1.08562
1.08562
1.08571
1.08571
1.08571
1.08571
1.08571
1.0858
1.0858
1.08581
1.08581
1.08581
1.08581
1.08589
1.08591
1.08591
1.08591
1.08591
1.08591
1.08597
1.08597
1.086
1.086
1.086
1.086
1.086
1.086
1.086
1.086
1.086
1.086
1.086
1.086
1.086
1.08609
1.08609
1.08609
1.08609
1.08609
1.08609
1.08613
1.08618
1.08618
1.08618
1.08618
1.08618
1.08618
1.08618
1.08624
1.08626
1.08626
1.08626
1.08626
1.08633
1.08634
1.08634
1.08642
1.08642
1.08642
1.08642
1.08642
1.08642
1.08642
1.08642
1.08642
1.08642
1.08642
1.08651
1.08651
1.08651
1.08651
1.08651
1.08651
1.08651
1.08657
1.08659
1.08659
1.08659
1.08659
1.08667
1.08667
1.08667
1.08667
1.08667
1.08667
1.08667
1.08667
1.08674
1.08674
1.08674
1.08682
1.08682
1.08682
1.08682
1.08682
1.08682
1.08682
1.08689
1.08689
1.08689
1.08689
1.08689
1.08696
1.08696
1.08696
1.08696
1.08696
1.08702
1.08702
1.08703
1.08711
1.08711
1.08711
1.08711
1.08718
1.08718
1.08725
1.08725
1.08725
1.08725
1.08725
1.08725
1.08725
1.08725
1.08725
1.08725
1.08731
1.08731
1.08731
1.08731
1.08731
1.08731
1.08731
1.08731
1.08731
1.08731
1.08731
1.08731
1.08731
1.08731
1.08731
1.08738
1.08738
1.08738
1.08738
1.08738
1.08738
1.08744
1.08744
1.08744
1.08744
1.08744
1.08744
1.0875
1.0875
1.08761
1.08761
1.08766
1.08766
1.08766
1.08772
1.08772
1.08772
1.08772
1.08778
1.08778
1.08778
1.08778
1.08778
1.08778
1.08778
1.08784
1.08784
1.08784
1.08784
1.08784
1.08784
1.08784
1.08784
1.08789
1.08789
1.08789
1.08789
1.08789
1.08789
1.08789
1.08789
1.08789
1.08795
1.08795
1.08795
1.08795
1.08795
1.08795
1.08795
1.08795
1.08795
1.088
1.088
1.088
1.088
1.088
1.088
1.08805
1.08805
1.08805
1.08805
1.0881
1.0881
1.08815
1.08824
1.08824
1.08828
1.08834
1.08839
1.08839
1.08839
1.08839
1.08839
1.08839
1.08839
1.08844
1.08844
1.08844
1.08844
1.08844
1.08844
1.08844
1.08844
1.08844
1.08844
1.08844
1.08844
1.08848
1.08848
1.08848
1.08848
1.08848
1.08848
1.08852
1.08852
1.08852
1.08852
1.08852
1.08852
1.08852
1.08852
1.08857
1.08857
1.08857
1.08857
1.08857
1.08857
1.08861
1.08861
1.08861
1.08865
1.08865
1.08865
1.08865
1.08865
1.08869
1.08883
1.08885
1.08889
1.08893
1.08893
1.08893
1.08897
1.08897
1.08897
1.08897
1.08901
1.08901
1.08901
1.08901
1.08904
1.08904
1.08908
1.08908
1.08908
1.08908
1.08908
1.08908
1.08908
1.08908
1.08908
1.08908
1.08908
1.08911
1.08911
1.08911
1.08911
1.08911
1.08911
1.08914
1.08914
1.08914
1.08914
1.08917
1.08917
1.08917
1.08917
1.08917
1.0892
1.0892
1.08923
1.08923
1.08923
1.08923
1.08926
1.08926
1.08952
1.08961
1.08961
1.08963
1.08963
1.08963
1.08963
1.08963
1.08966
1.08966
1.08966
1.08966
1.08966
1.08966
1.08966
1.08968
1.08968
1.08968
1.08968
1.08968
1.08968
1.08968
1.08968
1.0897
1.0897
1.0897
1.0897
1.0897
1.0897
1.0897
1.0897
1.0897
1.0897
1.0897
1.0897
1.08972
1.08972
1.08972
1.08972
1.08972
1.08974
1.08974
1.08974
1.08974
1.08974
1.08974
1.08974
1.08974
1.08974
1.08976
1.08976
1.08976
1.08984
1.09024
1.09025
1.09025
1.09025
1.09027
1.09027
1.09028
1.09028
1.09028
1.09028
1.09028
1.09028
1.09029
1.09029
1.09029
1.09029
1.09029
1.09029
1.0903
1.0903
1.0903
1.0903
1.0903
1.0903
1.0903
1.09031
1.09031
1.09031
1.09031
1.09031
1.09031
1.09031
1.09031
1.09031
1.09031
1.09032
1.09032
1.09032
1.09032
1.09032
1.09032
1.09033
1.09033
1.09033
1.09033
1.09033
1.09034
1.09034
1.09035
1.0904
1.09091
1.09091
1.09091
1.09091
1.09091
1.09091
1.09091
1.09091
1.09091
1.09091
1.09091
1.09091
1.09091
1.09091
1.09091
1.09091
1.09091
1.09091
1.09091
1.09091
1.09091
1.09091
1.09091
1.09091
1.09091
1.09091
1.09091
1.09091
1.09091
1.09091
1.09091
1.09091
1.09091
1.09091
1.09091
1.09091
1.09091
1.09091
1.09091
1.09091
1.09091
1.09091
1.09091
1.09091
1.09091
1.09091
1.09091
1.09091
1.09091
1.09091
1.09091
1.09091
1.09091
1.09091
1.09091
1.09091
1.09091
1.09091
1.09091
1.09091
1.09091
1.09146
1.09147
1.09147
1.09148
1.09149
1.09149
1.09149
1.09149
1.0915
1.0915
1.0915
1.0915
1.0915
1.09151
1.09151
1.09151
1.09151
1.09151
1.09151
1.09151
1.09151
1.09151
1.09153
1.09153
1.09153
1.09153
1.09153
1.09153
1.09153
1.09154
1.09154
1.09154
1.09154
1.09154
1.09154
1.09154
1.09154
1.09154
1.09154
1.09155
1.09155
1.09155
1.09155
1.09156
1.09156
1.09156
1.09156
1.09158
1.09158
1.09202
1.09204
1.09204
1.09206
1.09206
1.09206
1.09206
1.09206
1.09206
1.09208
1.09208
1.09208
1.09208
1.09208
1.09208
1.09208
1.09208
1.09211
1.09211
1.09211
1.09211
1.09211
1.09211
1.09211
1.09213
1.09213
1.09213
1.09213
1.09213
1.09213
1.09213
1.09213
1.09215
1.09215
1.09215
1.09215
1.09215
1.09215
1.09215
1.09215
1.09217
1.09217
1.09217
1.0922
1.09222
1.09225
1.09228
1.09254
1.09259
1.09262
1.09262
1.09262
1.09268
1.09268
1.09268
1.09268
1.09272
1.09272
1.09272
1.09272
1.09272
1.09272
1.09272
1.09272
1.09272
1.09272
1.09272
1.09272
1.09272
1.09272
1.09272
1.09272
1.09272
1.09272
1.09275
1.09275
1.09275
1.09275
1.09275
1.09275
1.09275
1.09275
1.09278
1.09278
1.09278
1.09278
1.09278
1.09278
1.09282
1.09282
1.09282
1.09282
1.09282
1.09286
1.0929
1.0929
1.09309
1.09313
1.09313
1.09317
1.09317
1.09321
1.09321
1.09321
1.09325
1.09325
1.09325
1.09325
1.09329
1.09329
1.09329
1.09331
1.09333
1.09333
1.09333
1.09333
1.09333
1.09333
1.09333
1.09333
1.09333
1.09333
1.09333
1.09338
1.09338
1.09338
1.09338
1.09338
1.09343
1.09343
1.09343
1.09343
1.09343
1.09347
1.09347
1.09347
1.09347
1.09347
1.09353
1.09358
1.09358
1.09363
1.09366
1.0937
1.0937
1.09375
1.09375
1.09375
1.0938
1.0938
1.0938
1.0938
1.09385
1.09385
1.09385
1.0939
1.0939
1.0939
1.0939
1.0939
1.0939
1.0939
1.0939
1.09396
1.09396
1.09396
1.09396
1.09396
1.09396
1.09396
1.09396
1.09396
1.09402
1.09402
1.09402
1.09402
1.09402
1.09402
1.09402
1.09408
1.09408
1.09408
1.09408
1.09408
1.09408
1.09414
1.09414
1.09414
1.09414
1.09422
1.09427
1.09428
1.09434
1.09434
1.09434
1.09434
1.09434
1.09434
1.09434
1.09434
1.0944
1.0944
1.0944
1.0944
1.0944
1.0944
1.0944
1.0944
1.09446
1.09446
1.09446
1.09446
1.09446
1.09446
1.09446
1.09446
1.09446
1.09446
1.09446
1.09446
1.09446
1.09453
1.09453
1.09453
1.09453
1.09453
1.09453
1.09453
1.09453
1.09453
1.09453
1.09459
1.09459
1.09459
1.09459
1.09459
1.09459
1.09459
1.09459
1.09459
1.09459
1.09466
1.09466
1.09466
1.09466
1.09466
1.09466
1.09466
1.09466
1.09466
1.09466
1.09474
1.09474
1.09474
1.09474
1.0948
1.0948
1.0948
1.09481
1.09487
1.09487
1.09487
1.09487
1.09487
1.09487
1.09487
1.09487
1.09494
1.09494
1.09494
1.09494
1.09501
1.09501
1.09501
1.09501
1.09501
1.09501
1.09501
1.09508
1.09508
1.09508
1.09508
1.09508
1.09508
1.09516
1.09516
1.09516
1.09516
1.09516
1.09516
1.09516
1.09516
1.09516
1.09516
1.09516
1.09524
1.09524
1.09524
1.09524
1.09524
1.09524
1.09531
1.09532
1.09532
1.09532
1.09532
1.09532
1.09538
1.09538
1.09541
1.09541
1.09541
1.09541
1.09544
1.09546
1.09546
1.0955
1.0955
1.09554
1.09554
1.09554
1.09554
1.09554
1.09554
1.09554
1.09554
1.09562
1.09562
1.09571
1.09571
1.0958
1.0958
1.0958
1.0958
1.0958
1.0958
1.0958
1.0958
1.0958
1.0958
1.0958
1.0958
1.0958
1.09581
1.09589
1.09589
1.09589
1.09589
1.09589
1.09589
1.09589
1.09589
1.09589
1.09598
1.09599
1.09599
1.09606
1.09606
1.09609
1.09609
1.09609
1.09615
1.09615
1.09615
1.09619
1.09619
1.09625
1.09625
1.09625
1.09625
1.09625
1.09625
1.09625
1.09625
1.0963
1.0963
1.09635
1.09635
1.09635
1.09635
1.09639
1.09639
1.09645
1.09645
1.09645
1.09645
1.09645
1.09645
1.09645
1.09645
1.09648
1.09655
1.09655
1.09655
1.09655
1.09655
1.09657
1.09657
1.09657
1.09657
1.09666
1.09666
1.09666
1.09667
1.09667
1.09667
1.09667
1.09677
1.09677
1.09677
1.09677
1.09677
1.09677
1.09677
1.09688
1.09688
1.09688
1.09688
1.09688
1.09688
1.09688
1.09688
1.09688
1.09688
1.09697
1.09699
1.09699
1.09699
1.09699
1.09699
1.0971
1.0971
1.0971
1.0971
1.0971
1.0971
1.0971
1.0971
1.09718
1.09718
1.09718
1.09718
1.09718
1.09718
1.09718
1.09718
1.09722
1.09722
1.09729
1.09729
1.09735
1.09735
1.0974
1.0974
1.0974
1.0974
1.0974
1.0974
1.0974
1.0974
1.0974
1.09745
1.09761
1.09764
1.09764
1.09764
1.09764
1.09764
1.09764
1.09764
1.09764
1.09764
1.09767
1.09777
1.09777
1.09777
1.09777
1.09777
1.09777
1.09779
1.09779
1.09779
1.09779
1.09779
1.0979
1.0979
1.0979
1.09791
1.09791
1.09791
1.09791
1.09791
1.09804
1.09804
1.09804
1.09804
1.09804
1.09804
1.09804
1.09804
1.09804
1.09804
1.09804
1.09804
1.09804
1.09804
1.09816
1.09817
1.09817
1.09817
1.09817
1.09817
1.09817
1.09817
1.09817
1.09817
1.09817
1.09817
1.09818
1.09818
1.09828
1.09828
1.09828
1.09831
1.09831
1.09831
1.09831
1.09841
1.09841
1.09841
1.09841
1.09841
1.09841
1.09841
1.09841
1.09841
1.09845
1.09845
1.09845
1.09845
1.09845
1.09845
1.09845
1.09851
1.09855
1.09855
1.09855
1.09855
1.09855
1.09855
1.09855
1.09859
1.09859
1.09859
1.09859
1.09863
1.09863
1.09863
1.09868
1.09868
1.09868
1.09874
1.09874
1.09874
1.09877
1.09877
1.09883
1.09883
1.09883
1.09883
1.09883
1.09883
1.09883
1.09883
1.09883
1.09883
1.09883
1.0989
1.0989
1.0989
1.0989
1.09898
1.09898
1.09898
1.09898
1.09898
1.09904
1.09904
1.09904
1.09907
1.0991
1.09913
1.09913
1.09913
1.09913
1.09913
1.09913
1.09919
1.09919
1.09919
1.09919
1.09919
1.09919
1.09919
1.09929
1.09929
1.09929
1.09934
1.09934
1.09934
1.09934
1.09934
1.09934
1.09934
1.09938
1.09938
1.09946
1.09946
1.09949
1.09949
1.09949
1.09949
1.09949
1.09949
1.09949
1.09949
1.09949
1.09949
1.09949
1.09949
1.09949
1.09949
1.09953
1.09953
1.09953
1.09953
1.09953
1.09953
1.09955
1.09966
1.09966
1.09966
1.09966
1.09968
1.09968
1.09968
1.09968
1.09968
1.09968
1.09968
1.0997
1.0997
1.09982
1.09982
1.09982
1.09984
1.09984
1.09984
1.09984
1.09984
1.09984
1.09985
1.09986
1.1
1.1
1.1
1.1
1.1
1.1
1.1
1.1
1.1
1.1
1.1
1.1
1.1
1.1
1.1
1.1
1.1
1.1
1.10016
1.10016
1.10016
1.10016
1.10017
1.10017
1.10017
1.10017
1.10018
1.1003
1.10032
1.10032
1.10032
1.10032
1.10032
1.10032
1.10032
1.10035
1.10035
1.10049
1.10049
1.10049
1.10049
1.10049
1.10049
1.10049
1.10049
1.10053
1.10059
1.10067
1.10067
1.10067
1.10067
1.10072
1.1008
1.1008
1.1008
1.1008
1.1008
1.1008
1.1008
1.1008
1.1008
1.10085
1.10085
1.10085
1.10085
1.10085
1.10085
1.10085
1.10086
1.10092
1.10098
1.10098
1.10098
1.10098
1.10098
1.10098
1.10098
1.10098
1.10102
1.10105
1.10105
1.10105
1.10109
1.10109
1.10116
1.10116
1.10116
1.10116
1.10116
1.10116
1.10116
1.10124
1.10124
1.10124
1.10127
1.10127
1.10127
1.10127
1.10127
1.10127
1.10127
1.10135
1.10135
1.10135
1.10135
1.10135
1.10145
1.10145
1.10145
1.10154
1.10155
1.10155
1.10155
1.10155
1.10155
1.10164
1.10164
1.10164
1.10164
1.10164
1.10172
1.10175
1.10175
1.10175
1.10175
1.10175
1.10184
1.10184
1.10184
1.10184
1.10184
1.10184
1.10184
1.10184
1.10189
1.10191
1.10191
1.10191
1.10191
1.10197
1.10197
1.10197
1.10197
1.10197
1.10198
1.10204
1.10204
1.10204
1.10211
1.10211
1.10211
1.10211
1.10211
1.10211
1.10211
1.10211
1.10211
1.10217
1.10217
1.10225
1.10225
1.10225
1.10231
1.10231
1.10231
1.10231
1.10231
1.10231
1.10231
1.10231
1.10231
1.10236
1.10241
1.10247
1.10247
1.10247
1.10247
1.10252
1.10252
1.10252
1.10252
1.10252
1.10252
1.10252
1.10252
1.10252
1.10252
1.10252
1.10252
1.10256
1.10256
1.10256
1.10256
1.10256
1.10256
1.10256
1.10256
1.1026
1.1026
1.1027
1.10274
1.10274
1.10274
1.10274
1.10274
1.10274
1.10277
1.10277
1.10277
1.10277
1.10277
1.10277
1.1028
1.1028
1.10294
1.10297
1.10297
1.10297
1.10299
1.10299
1.10299
1.10299
1.10299
1.10299
1.10299
1.10299
1.10299
1.10301
1.10301
1.10301
1.10303
1.1032
1.10321
1.10321
1.10321
1.10321
1.10321
1.10321
1.10321
1.10321
1.10321
1.10321
1.10321
1.10323
1.10323
1.10323
1.10323
1.10323
1.10323
1.10323
1.10324
1.10345
1.10345
1.10345
1.10345
1.10345
1.10345
1.10345
1.10345
1.10345
1.10345
1.10345
1.10345
1.10345
1.10345
1.10345
1.10345
1.10345
1.10366
1.10366
1.10366
1.10367
1.10367
1.10367
1.10367
1.10367
1.10367
1.10368
1.10368
1.10368
1.10368
1.10368
1.10368
1.10368
1.10368
1.10368
1.10369
1.10369
1.10369
1.10369
1.10388
1.10388
1.1039
1.1039
1.1039
1.1039
1.1039
1.1039
1.1039
1.10392
1.10392
1.10392
1.10394
1.1041
1.1041
1.1041
1.10413
1.10413
1.10413
1.10413
1.10413
1.10413
1.10413
1.10417
1.10417
1.10417
1.10417
1.10417
1.10417
1.10429
1.10429
1.10429
1.10433
1.10433
1.10433
1.10433
1.10433
1.10433
1.10433
1.10438
1.10438
1.10438
1.10438
1.10438
1.10438
1.10438
1.10438
1.10442
1.10442
1.10448
1.10448
1.10448
1.10448
1.10452
1.10452
1.10452
1.10452
1.10458
1.10458
1.10458
1.10458
1.10458
1.10458
1.10458
1.10458
1.10458
1.10458
1.10463
1.10463
1.10463
1.10463
1.10463
1.10463
1.10463
1.10463
1.10463
1.10463
1.10469
1.10476
1.10476
1.10476
1.10476
1.10476
1.10483
1.10483
1.10483
1.10483
1.10483
1.10483
1.10483
1.10483
1.10483
1.10483
1.10483
1.10483
1.10483
1.10483
1.10483
1.1049
1.1049
1.1049
1.10494
1.10501
1.10501
1.10501
1.10501
1.10501
1.10501
1.10508
1.10508
1.10508
1.10508
1.10508
1.10508
1.10508
1.10508
1.10508
1.10508
1.10508
1.10517
1.10517
1.10518
1.10518
1.10518
1.10526
1.10526
1.10526
1.10526
1.10526
1.10526
1.10526
1.10526
1.10534
1.10535
1.10535
1.10535
1.10535
1.10535
1.10535
1.10535
1.10543
1.10543
1.10543
1.10543
1.10545
1.10545
1.1055
1.10553
1.10553
1.10553
1.10553
1.10553
1.10553
1.10559
1.10563
1.10569
1.10569
1.10569
1.10574
1.1058
1.1058
1.1058
1.1058
1.1058
1.1058
1.1058
1.10585
1.10585
1.10585
1.10585
1.10585
1.10585
1.10592
1.10596
1.10596
1.10596
1.10596
1.10596
1.10596
1.10596
1.10596
1.10599
1.10609
1.10609
1.10609
1.10609
1.10609
1.10611
1.10611
1.10611
1.10624
1.10624
1.10624
1.10624
1.10624
1.10624
1.10625
1.10625
1.10625
1.10638
1.10638
1.10638
1.10638
1.10638
1.10638
1.10638
1.10638
1.10638
1.10638
1.10652
1.10652
1.10652
1.10652
1.10653
1.10653
1.10653
1.10665
1.10667
1.10667
1.10667
1.10667
1.10667
1.10667
1.10667
1.10667
1.10667
1.10667
1.10667
1.10667
1.10677
1.1068
1.1068
1.1068
1.1068
1.1068
1.1068
1.1068
1.10683
1.10683
1.10688
1.10692
1.10692
1.10692
1.10692
1.10696
1.10696
1.10696
1.10696
1.10696
1.10696
1.10703
1.10708
1.10708
1.10708
1.10708
1.10708
1.10708
1.10708
1.10708
1.10714
1.1072
1.1072
1.1072
1.1072
1.1072
1.1072
1.1072
1.1072
1.1072
1.1072
1.1072
1.10727
1.10727
1.10727
1.10727
1.10727
1.10731
1.10731
1.10738
1.10738
1.10738
1.10738
1.10738
1.10738
1.10738
1.10738
1.10738
1.10747
1.10749
1.10749
1.10749
1.10749
1.10749
1.10758
1.10759
1.10759
1.10759
1.10759
1.10759
1.10759
1.10769
1.10769
1.10769
1.10769
1.10778
1.10779
1.10779
1.10779
1.10779
1.10779
1.10779
1.10781
1.10789
1.10789
1.10789
1.10789
1.10789
1.10789
1.10791
1.10791
1.10791
1.10791
1.10795
1.10798
1.10798
1.10798
1.10798
1.10801
1.10801
1.10801
1.10801
1.10801
1.10807
1.10807
1.10807
1.10811
1.10811
1.10811
1.10811
1.10811
1.10811
1.10811
1.10815
1.1082
1.1082
1.1082
1.1082
1.10826
1.10828
1.10828
1.10828
1.10835
1.10835
1.10836
1.10836
1.10843
1.10843
1.10843
1.10851
1.10851
1.10851
1.10851
1.10851
1.10851
1.10851
1.10851
1.10859
1.10866
1.10866
1.10866
1.1087
1.1087
1.10873
1.10873
1.10877
1.10877
1.10877
1.10879
1.10884
1.10884
1.10884
1.10884
1.10884
1.10884
1.10891
1.10891
1.10897
1.10897
1.10897
1.10903
1.10903
1.10909
1.10909
1.10912
1.10919
1.10919
1.10919
1.10924
1.10924
1.10924
1.10924
1.10924
1.10924
1.10924
1.10924
1.1093
1.1093
1.10935
1.10935
1.10935
1.1094
1.1094
1.10954
1.10954
1.10954
1.10954
1.10954
1.10954
1.10954
1.10954
1.10959
1.10959
1.10963
1.10963
1.10963
1.10963
1.10963
1.10968
1.10968
1.10968
1.10968
1.10968
1.10972
1.10972
1.10972
1.10976
1.10976
1.10979
1.10991
1.10995
1.10995
1.10995
1.10995
1.10995
1.10998
1.10998
1.10998
1.10998
1.11002
1.11002
1.11002
1.11002
1.11002
1.11002
1.11002
1.11002
1.11002
1.11002
1.11005
1.11005
1.11005
1.11008
1.11008
1.11008
1.11008
1.11029
1.11032
1.11034
1.11034
1.11034
1.11034
1.11034
1.11034
1.11034
1.11034
1.11034
1.11037
1.11037
1.11037
1.11037
1.11037
1.11037
1.11037
1.11037
1.11037
1.11037
1.11037
1.11039
1.11039
1.11039
1.11039
1.11039
1.11041
1.11041
1.11041
1.11043
1.11072
1.11072
1.11073
1.11073
1.11073
1.11073
1.11073
1.11073
1.11073
1.11074
1.11074
1.11074
1.11075
1.11075
1.11075
1.11076
1.11076
1.11076
1.11076
1.11111
1.11111
1.11111
1.11111
1.11111
1.11111
1.11111
1.11111
1.11111
1.11111
1.11111
1.11111
1.11111
1.11111
1.11111
1.11111
1.11111
1.11111
1.11111
1.11111
1.11111
1.11111
1.11111
1.11111
1.11111
1.11111
1.11144
1.11146
1.11146
1.11146
1.11146
1.11146
1.11146
1.11146
1.11146
1.11147
1.11147
1.11147
1.11147
1.11148
1.11148
1.11148
1.11148
1.11148
1.11148
1.11148
1.11148
1.11149
1.11149
1.11149
1.11149
1.11149
1.11149
1.1115
1.11152
1.11153
1.11176
1.1118
1.1118
1.11182
1.11182
1.11182
1.11184
1.11184
1.11184
1.11184
1.11184
1.11184
1.11184
1.11184
1.11184
1.11184
1.11184
1.11184
1.11184
1.11184
1.11184
1.11186
1.11186
1.11186
1.11189
1.11189
1.11189
1.11189
1.11189
1.11216
1.11216
1.11216
1.1122
1.1122
1.1122
1.11223
1.11223
1.11223
1.11226
1.11226
1.11226
1.11226
1.1123
1.11246
1.11246
1.1125
1.11254
1.11254
1.11254
1.11254
1.11258
1.11258
1.11258
1.11258
1.11258
1.11258
1.11263
1.11263
1.11263
1.11263
1.11263
1.11263
1.11263
1.11268
1.11268
1.11268
1.11268
1.11273
1.11283
1.11283
1.11288
1.11288
1.11288
1.11288
1.11288
1.11288
1.11288
1.11293
1.11293
1.11293
1.11293
1.11293
1.11293
1.11298
1.11298
1.11298
1.11298
1.11298
1.11298
1.11304
1.11304
1.11304
1.11311
1.11315
1.11315
1.11315
1.11315
1.11315
1.11321
1.11321
1.11321
1.11321
1.11321
1.11321
1.11327
1.11327
1.11327
1.11327
1.11327
1.11333
1.11333
1.11333
1.1134
1.1134
1.1134
1.1134
1.1134
1.11348
1.11353
1.11353
1.11355
1.1136
1.1136
1.1136
1.1136
1.11367
1.11367
1.11367
1.11367
1.11367
1.11367
1.11367
1.11367
1.11367
1.11367
1.11375
1.11375
1.11375
1.11375
1.11377
1.11384
1.11384
1.11384
1.11385
1.11392
1.11392
1.11392
1.11392
1.11392
1.11401
1.11401
1.11401
1.11401
1.11401
1.11401
1.11407
1.11409
1.11409
1.11409
1.11409
1.11409
1.11419
1.11419
1.11419
1.11419
1.11419
1.11424
1.11424
1.11424
1.11424
1.11429
1.11429
1.11429
1.11433
1.11433
1.11433
1.11433
1.11433
1.11433
1.11433
1.11433
1.11433
1.11443
1.11443
1.11443
1.11443
1.11443
1.11443
1.11453
1.11453
1.11453
1.11453
1.11455
1.11464
1.11464
1.11465
1.11465
1.11465
1.11465
1.11465
1.11475
1.11475
1.11475
1.11475
1.11475
1.11475
1.11475
1.11475
1.11475
1.11475
1.11475
1.11475
1.11475
1.11475
1.11485
1.11485
1.11485
1.11486
1.11486
1.11486
1.11486
1.11486
1.11486
1.11486
1.11486
1.11486
1.11486
1.11486
1.11496
1.11496
1.11498
1.11498
1.11498
1.11498
1.11498
1.11507
1.11507
1.11507
1.11507
1.11507
1.11507
1.11511
1.11519
1.11519
1.11519
1.11519
1.11519
1.11526
1.11526
1.11526
1.11532
1.11532
1.11538
1.11538
1.11538
1.11538
1.11544
1.11545
1.11551
1.11551
1.11551
1.11551
1.11551
1.11551
1.11551
1.11551
1.11551
1.11565
1.11565
1.11565
1.11569
1.11569
1.11569
1.11579
1.11579
1.11579
1.11582
1.11582
1.11582
1.11582
1.11585
1.11594
1.11597
1.11597
1.11597
1.11597
1.11597
1.11599
1.1161
1.11612
1.11612
1.11612
1.11613
1.11614
1.11628
1.11628
1.11628
1.11628
1.11628
1.11628
1.11628
1.11628
1.11628
1.11628
1.11628
1.11628
1.11628
1.11628
1.11628
1.11628
1.11628
1.11628
1.11643
1.11643
1.11643
1.11643
1.11644
1.11644
1.11644
1.11644
1.11644
1.11644
1.11644
1.11644
1.11658
1.11658
1.11658
1.11658
1.11658
1.11658
1.11658
1.11658
1.11658
1.11658
1.11661
1.11661
1.11661
1.11661
1.11661
1.11661
1.11661
1.11672
1.11672
1.11672
1.11672
1.11675
1.11675
1.11675
1.11675
1.11675
1.11675
1.11675
1.11675
1.11688
1.11688
1.11688
1.11693
1.117
1.117
1.11706
1.11706
1.11706
1.11706
1.11706
1.11706
1.11706
1.11706
1.11706
1.11712
1.11712
1.11712
1.11717
1.11717
1.11717
1.11717
1.11717
1.11717
1.11717
1.11717
1.11717
1.11717
1.11724
1.11728
1.11728
1.11728
1.11736
1.11736
1.11736
1.11736
1.11736
1.11736
1.11736
1.11736
1.11744
1.11744
1.11746
1.11746
1.11755
1.11755
1.11755
1.11756
1.11765
1.11765
1.11765
1.11765
1.11765
1.11765
1.11774
1.11774
1.11774
1.11782
1.11782
1.11785
1.11785
1.11793
1.11793
1.11793
1.11793
1.11793
1.11801
1.11801
1.11806
1.11806
1.11806
1.11809
1.11814
1.11814
1.11814
1.11814
1.11821
1.11821
1.11828
1.11828
1.11828
1.11828
1.11835
1.11835
1.11842
1.11842
1.11848
1.11852
1.11854
1.11858
1.11858
1.11858
1.11864
1.11864
1.1187
1.1187
1.1187
1.1187
1.1187
1.1187
1.11875
1.11875
1.11875
1.1188
1.11888
1.11893
1.11893
1.11893
1.11893
1.11893
1.11893
1.11897
1.11897
1.11897
1.11897
1.11897
1.11897
1.11897
1.11901
1.11917
1.11917
1.11917
1.11921
1.11921
1.11921
1.11921
1.11921
1.11921
1.11921
1.11924
1.11924
1.11927
1.11927
1.11943
1.11943
1.11943
1.11945
1.11945
1.11945
1.11945
1.11945
1.11948
1.11948
1.11948
1.11948
1.11948
1.11948
1.11948
1.1195
1.1195
1.1195
1.1195
1.1195
1.1195
1.11972
1.11973
1.11973
1.11973
1.11973
1.11974
1.11974
1.11974
1.11974
1.11975
1.11975
1.11975
1.11976
1.12
1.12
1.12
1.12
1.12
1.12
1.12
1.12
1.12
1.12
1.12
1.12
1.12
1.12
1.12
1.12
1.12
1.12025
1.12026
1.12026
1.12026
1.12026
1.12027
1.12027
1.12027
1.12027
1.12027
1.12027
1.12027
1.12038
1.1205
1.1205
1.1205
1.1205
1.1205
1.12052
1.12052
1.12052
1.12052
1.12054
1.12054
1.12057
1.12074
1.12077
1.12077
1.12077
1.12077
1.12077
1.12077
1.12077
1.12077
1.12081
1.12081
1.12081
1.12081
1.12081
1.12081
1.12081
1.12081
1.12081
1.12084
1.12098
1.12102
1.12102
1.12102
1.12102
1.12102
1.12102
1.12106
1.12106
1.12106
1.12106
1.12106
1.12106
1.12106
1.12111
1.12111
1.12111
1.12111
1.12116
1.12116
1.12116
1.12121
1.12131
1.12131
1.12131
1.12131
1.12131
1.12131
1.12137
1.12137
1.12137
1.12137
1.12137
1.12137
1.12143
1.12143
1.1215
1.1215
1.1215
1.12156
1.12156
1.12156
1.12156
1.12156
1.12156
1.12156
1.12156
1.12162
1.12162
1.12162
1.12162
1.12169
1.12169
1.12169
1.12179
1.12179
1.12179
1.12179
1.12179
1.12187
1.12187
1.12187
1.12187
1.12187
1.12187
1.12187
1.12187
1.12195
1.12195
1.12195
1.12195
1.12195
1.12195
1.12195
1.12195
1.12209
1.12211
1.12211
1.12211
1.12211
1.1222
1.1222
1.1222
1.1222
1.12226
1.12226
1.12226
1.1223
1.12235
1.12235
1.12235
1.12235
1.12235
1.12245
1.12245
1.12256
1.12256
1.12258
1.12258
1.12258
1.12258
1.12258
1.12269
1.12269
1.12269
1.12269
1.12269
1.12269
1.1227
1.12272
1.12281
1.12281
1.12281
1.12281
1.12281
1.12281
1.12281
1.12281
1.12281
1.12281
1.12292
1.12292
1.12292
1.12292
1.12292
1.12292
1.12292
1.12292
1.12292
1.12303
1.12305
1.12305
1.12305
1.12305
1.12315
1.12315
1.12315
1.12315
1.12315
1.12324
1.12324
1.12324
1.12324
1.12338
1.12338
1.12338
1.12338
1.12343
1.12352
1.12352
1.12352
1.1236
1.12366
1.12366
1.12366
1.12367
1.12367
1.12375
1.12375
1.12375
1.12375
1.12375
1.12375
1.12381
1.12381
1.12387
1.12391
1.12391
1.12391
1.12397
1.12397
1.12397
1.12397
1.12397
1.12397
1.12397
1.12397
1.12407
1.12414
1.12414
1.12418
1.12418
1.12418
1.12418
1.12418
1.12418
1.12418
1.12418
1.12432
1.12432
1.12436
1.12436
1.12439
1.12439
1.12439
1.12442
1.12456
1.12456
1.12458
1.12458
1.12458
1.12458
1.1246
1.1246
1.1246
1.1246
1.12462
1.12478
1.12478
1.12478
1.12479
1.1248
1.1248
1.12481
1.12481
1.125
1.125
1.125
1.125
1.125
1.125
1.125
1.125
1.125
1.125
1.125
1.12518
1.12519
1.12519
1.12519
1.1252
1.1252
1.1252
1.1252
1.1252
1.12521
1.12521
1.12521
1.12521
1.12521
1.12521
1.1254
1.1254
1.1254
1.1254
1.1254
1.1254
1.12542
1.12542
1.12542
1.12542
1.12542
1.12545
1.12545
1.12545
1.1256
1.1256
1.1256
1.1256
1.1256
1.1256
1.1256
1.12563
1.12563
1.12563
1.12563
1.12563
1.12563
1.12563
1.12566
1.12566
1.12566
1.12566
1.12566
1.12579
1.12579
1.12579
1.12579
1.12583
1.12583
1.12583
1.12583
1.12583
1.12583
1.12583
1.12587
1.12587
1.12587
1.12587
1.12597
1.12597
1.12597
1.12597
1.12597
1.12597
1.12602
1.12602
1.12602
1.12608
1.12614
1.12615
1.12615
1.12621
1.12621
1.12621
1.12621
1.12621
1.12628
1.12628
1.12633
1.12635
1.1264
1.1264
1.1264
1.12648
1.12648
1.12648
1.12648
1.12648
1.12648
1.12651
1.12656
1.12656
1.12658
1.12658
1.12658
1.12658
1.12658
1.12658
1.12658
1.12658
1.12658
1.12667
1.12667
1.12667
1.12667
1.12667
1.12676
1.12685
1.12685
1.12685
1.12685
1.12687
1.12696
1.12696
1.12696
1.12696
1.12704
1.12704
1.12704
1.12704
1.12711
1.12711
1.12715
1.12715
1.12715
1.12715
1.12715
1.12715
1.12715
1.12717
1.12721
1.12721
1.12721
1.12721
1.12721
1.12727
1.12733
1.12733
1.12733
1.12733
1.12733
1.12733
1.12733
1.12739
1.12739
1.12739
1.12741
1.12747
1.12752
1.12752
1.12756
1.12756
1.12756
1.12762
1.12769
1.12769
1.12769
1.12769
1.12773
1.12773
1.12773
1.12785
1.12785
1.12787
1.12787
1.12787
1.12787
1.12787
1.12787
1.12787
1.12787
1.12787
1.12787
1.12787
1.12787
1.12787
1.12787
1.12801
1.12803
1.12803
1.12803
1.12803
1.12803
1.12804
1.12804
1.12804
1.12804
1.12804
1.12804
1.12804
1.12804
1.12804
1.12805
1.12821
1.12821
1.12821
1.12821
1.12821
1.12836
1.12837
1.12838
1.12838
1.12838
1.12838
1.12838
1.12839
1.12839
1.12839
1.12851
1.12853
1.12855
1.12855
1.12855
1.12857
1.12868
1.12868
1.12871
1.12871
1.12875
1.12875
1.12875
1.12875
1.12883
1.12883
1.12883
1.12887
1.12887
1.12887
1.12887
1.12887
1.12887
1.12887
1.12887
1.12887
1.12892
1.12892
1.12892
1.12892
1.12892
1.12892
1.12898
1.12903
1.12903
1.12903
1.12909
1.12909
1.12909
1.12909
1.12909
1.12919
1.12919
1.12919
1.12925
1.12925
1.12925
1.12925
1.12925
1.12933
1.12934
1.12934
1.12934
1.12941
1.12941
1.12941
1.12941
1.12941
1.12949
1.1295
1.1295
1.12957
1.12957
1.12957
1.12957
1.12963
1.12963
1.12963
1.12966
1.12966
1.12966
1.12972
1.12972
1.12972
1.12977
1.12982
1.12982
1.12982
1.12982
1.12982
1.12987
1.12987
1.12987
1.12987
1.12991
1.12994
1.12998
1.12998
1.12998
1.12998
1.12998
1.12998
1.13002
1.13002
1.13002
1.13002
1.13011
1.13014
1.13014
1.13014
1.13014
1.13014
1.13014
1.13014
1.13016
1.13029
1.13029
1.13029
1.13029
1.1303
1.13043
1.13043
1.13043
1.13043
1.13043
1.13043
1.13043
1.13057
1.13058
1.13058
1.13058
1.13058
1.13058
1.13059
1.13059
1.13059
1.1307
1.13072
1.13072
1.13072
1.13072
1.13072
1.13072
1.13074
1.13077
1.13083
1.13086
1.13086
1.13086
1.13086
1.13086
1.13089
1.13095
1.13099
1.13099
1.13099
1.13103
1.13103
1.13103
1.13108
1.13112
1.13112
1.13112
1.13112
1.13118
1.13118
1.13118
1.13118
1.13118
1.13124
1.13125
1.13125
1.13131
1.13131
1.13131
1.13131
1.13131
1.13138
1.13145
1.13145
1.1315
1.13158
1.13162
1.13171
1.13171
1.13171
1.13171
1.13171
1.13171
1.13181
1.13181
1.13181
1.13181
1.13181
1.13183
1.13183
1.13183
1.13183
1.13185
1.13193
1.13194
1.13196
1.13208
1.13208
1.13208
1.13208
1.13208
1.13219
1.13219
1.13219
1.1322
1.1322
1.1322
1.13231
1.13233
1.13233
1.13233
1.13233
1.13233
1.13233
1.13233
1.13233
1.13245
1.13245
1.13245
1.13245
1.13245
1.13245
1.13245
1.13257
1.13257
1.13257
1.13257
1.13257
1.13257
1.13257
1.13262
1.13269
1.13269
1.13269
1.13274
1.13274
1.1328
1.1328
1.1328
1.1328
1.13287
1.13287
1.13287
1.13291
1.13291
1.13295
1.13299
1.13299
1.13299
1.13311
1.13311
1.13311
1.13311
1.13311
1.13322
1.13322
1.13322
1.13322
1.13322
1.13323
1.13333
1.13333
1.13333
1.13333
1.13333
1.13344
1.13344
1.13344
1.13344
1.13344
1.13355
1.13355
1.13355
1.13366
1.13366
1.13366
1.13366
1.13366
1.13376
1.13376
1.1338
1.1338
1.13386
1.13391
1.13391
1.13391
1.13391
1.13396
1.13396
1.13396
1.13402
1.13402
1.13405
1.13413
1.13413
1.13413
1.13413
1.13413
1.13423
1.13423
1.13423
1.13433
1.13433
1.13433
1.13433
1.13433
1.13433
1.13433
1.13442
1.13443
1.13443
1.13443
1.13443
1.13452
1.13452
1.13452
1.13452
1.13452
1.13452
1.13452
1.13452
1.13462
1.13462
1.13471
1.13475
1.1348
1.1348
1.1348
1.13485
1.13485
1.13485
1.13488
1.13488
1.13495
1.13495
1.13495
1.13495
1.13497
1.13504
1.13504
1.13504
1.13504
1.13504
1.13504
1.13504
1.13514
1.13514
1.13514
1.13514
1.13514
1.13514
1.13523
1.13523
1.13523
1.13531
1.13531
1.13537
1.1354
1.1354
1.13548
1.13557
1.13557
1.13557
1.13557
1.13562
1.13562
1.13565
1.13565
1.13565
1.13571
1.13571
1.1358
1.1358
1.1358
1.1358
1.13589
1.13589
1.13589
1.13605
1.13605
1.13605
1.13605
1.13605
1.13613
1.13613
1.13613
1.13613
1.13621
1.13621
1.13621
1.13621
1.13621
1.13621
1.13621
1.13629
1.13629
1.13629
1.13629
1.13636
1.13636
1.13636
1.13644
1.13644
1.13644
1.13644
1.13649
1.13651
1.13658
1.13658
1.13658
1.13665
1.13671
1.13677
1.13677
1.13677
1.13677
1.13678
1.13684
1.13684
1.13699
1.13699
1.13706
1.13706
1.13706
1.13706
1.13706
1.13706
1.13712
1.13712
1.13712
1.13712
1.13719
1.13719
1.13719
1.13719
1.13719
1.1372
1.13725
1.13725
1.13725
1.13725
1.13725
1.13732
1.13732
1.13738
1.13738
1.13744
1.1375
1.1375
1.1375
1.13767
1.13768
1.13772
1.13775
1.13781
1.13787
1.13787
1.13787
1.13793
1.13799
1.13799
1.13805
1.13805
1.13805
1.1381
1.1381
1.1381
1.1381
1.13816
1.13816
1.13816
1.13816
1.13816
1.13821
1.13821
1.13821
1.13826
1.13826
1.13826
1.13826
1.13826
1.13826
1.13831
1.13831
1.13831
1.13846
1.13851
1.13852
1.13855
1.13855
1.1386
1.13863
1.13889
1.13889
1.13889
1.13889
1.13894
1.13894
1.13894
1.13898
1.13898
1.13898
1.13898
1.13903
1.13903
1.13903
1.13903
1.13903
1.13903
1.13907
1.13907
1.13907
1.13912
1.13912
1.13912
1.13916
1.13916
1.13916
1.1392
1.1392
1.1392
1.1392
1.13924
1.13924
1.13924
1.13924
1.13928
1.13936
1.1395
1.13975
1.13982
1.13982
1.13986
1.13986
1.1399
1.1399
1.1399
1.1399
1.1399
1.13993
1.13993
1.13997
1.13997
1.14
1.14
1.14003
1.14003
1.14003
1.14007
1.14007
1.1401
1.1401
1.1401
1.1401
1.14013
1.14013
1.14016
1.14016
1.14016
1.14074
1.14082
1.14085
1.14085
1.14087
1.14087
1.14089
1.14089
1.14089
1.14089
1.14089
1.14092
1.14092
1.14092
1.14092
1.14094
1.14094
1.14094
1.14094
1.14094
1.14094
1.14094
1.14096
1.14096
1.14096
1.14096
1.14096
1.14096
1.14098
1.141
1.141
1.141
1.141
1.141
1.141
1.14103
1.14105
1.14107
1.14109
1.1411
1.14112
1.14114
1.14116
1.14183
1.14183
1.14183
1.14184
1.14186
1.14187
1.14187
1.14187
1.14187
1.14187
1.14188
1.14188
1.14188
1.14188
1.14189
1.14189
1.14189
1.14189
1.14189
1.1419
1.1419
1.1419
1.14191
1.14191
1.14191
1.14191
1.14191
1.14191
1.14191
1.14191
1.14192
1.14192
1.14194
1.14194
1.14194
1.14197
1.14198
1.14199
1.14286
1.14286
1.14286
1.14286
1.14286
1.14286
1.14286
1.14286
1.14286
1.14286
1.14286
1.14286
1.14286
1.14286
1.14286
1.14286
1.14286
1.14286
1.14286
1.14286
1.14286
1.14286
1.14286
1.14286
1.14286
1.14286
1.14286
1.14286
1.14286
1.14286
1.14286
1.14286
1.14286
1.14286
1.14286
1.14286
1.14286
1.14286
1.14286
1.14286
1.14286
1.14286
1.1437
1.1437
1.14373
1.14373
1.14374
1.14374
1.14375
1.14375
1.14378
1.14378
1.14378
1.14379
1.14379
1.14379
1.14379
1.1438
1.1438
1.1438
1.1438
1.1438
1.14381
1.14381
1.14381
1.14381
1.14381
1.14382
1.14382
1.14382
1.14382
1.14384
1.14384
1.14384
1.14384
1.14384
1.14384
1.14385
1.14385
1.14385
1.14385
1.14385
1.14387
1.14387
1.14458
1.1446
1.14462
1.14463
1.14465
1.14465
1.14465
1.14467
1.14469
1.14469
1.14472
1.14472
1.14472
1.14474
1.14474
1.14476
1.14476
1.14476
1.14478
1.14478
1.14478
1.14478
1.14478
1.14478
1.14483
1.14483
1.14483
1.14485
1.14485
1.14485
1.14485
1.14485
1.1449
1.14493
1.14495
1.14495
1.14539
1.14551
1.14554
1.14554
1.14554
1.14557
1.14557
1.14557
1.14557
1.14557
1.1456
1.14563
1.14566
1.14566
1.14566
1.14566
1.14566
1.14566
1.1457
1.1457
1.14573
1.14576
1.14576
1.14576
1.14576
1.14576
1.1458
1.1458
1.1458
1.1458
1.1458
1.14587
1.14591
1.14591
1.14595
1.14627
1.14634
1.14638
1.14646
1.1465
1.14654
1.14654
1.14654
1.14654
1.14654
1.14662
1.14662
1.14662
1.14667
1.14667
1.14671
1.14671
1.14671
1.14671
1.14671
1.14671
1.14676
1.14676
1.14676
1.14676
1.1468
1.1468
1.1468
1.1468
1.1468
1.1468
1.14685
1.14685
1.14685
1.14685
1.14685
1.1469
1.1469
1.14724
1.14734
1.14734
1.14734
1.14739
1.14739
1.14739
1.14739
1.14744
1.14744
1.14749
1.14749
1.14749
1.14749
1.14754
1.14754
1.14754
1.1476
1.1476
1.1476
1.1476
1.1476
1.1476
1.14765
1.14771
1.14771
1.14771
1.14771
1.14771
1.14783
1.14783
1.14789
1.14789
1.14789
1.14789
1.14808
1.14808
1.14821
1.14826
1.14826
1.14833
1.14833
1.14839
1.14845
1.14845
1.14845
1.14851
1.14851
1.14851
1.14851
1.14858
1.14858
1.14858
1.14858
1.14858
1.14865
1.14865
1.14865
1.14865
1.14872
1.14872
1.14872
1.14881
1.14886
1.14887
1.14894
1.14894
1.14894
1.149
1.149
1.14907
1.14909
1.14917
1.14921
1.14928
1.14928
1.14928
1.14935
1.14935
1.14935
1.14935
1.14943
1.14943
1.14943
1.1495
1.1495
1.1495
1.1495
1.14958
1.14958
1.14958
1.14958
1.14966
1.14966
1.14966
1.14983
1.14983
1.14983
1.14991
1.14991
1.14992
1.15
1.15
1.15008
1.15008
1.15008
1.15016
1.15016
1.15024
1.15033
1.15033
1.15033
1.15041
1.15041
1.15041
1.15041
1.15041
1.1505
1.1505
1.1505
1.1505
1.1505
1.1505
1.15059
1.15059
1.15059
1.15068
1.15068
1.15077
1.15077
1.15078
1.15078
1.15078
1.15088
1.15094
1.15098
1.15098
1.15098
1.15098
1.15103
1.15103
1.15103
1.15103
1.15108
1.15113
1.15113
1.15129
1.15132
1.15132
1.15141
1.15141
1.15141
1.15141
1.15141
1.15142
1.15152
1.15152
1.15152
1.15162
1.15162
1.15162
1.15162
1.15172
1.1518
1.1518
1.1518
1.15183
1.1519
1.1519
1.152
1.152
1.15206
1.15221
1.15221
1.15232
1.15232
1.15232
1.15232
1.15232
1.15243
1.15243
1.15243
1.15243
1.15243
1.15243
1.15243
1.15254
1.15254
1.15266
1.15266
1.15266
1.15287
1.15287
1.15287
1.15287
1.15287
1.1529
1.1529
1.15298
1.15309
1.15309
1.15309
1.15315
1.15321
1.15321
1.15333
1.15346
1.15349
1.15358
1.15358
1.15358
1.15358
1.15371
1.15371
1.15372
1.15372
1.15385
1.15385
1.15385
1.15385
1.15385
1.15385
1.15397
1.15397
1.15397
1.15398
1.15398
1.15398
1.1541
1.1541
1.15423
1.15423
1.15423
1.15423
1.15423
1.15423
1.15423
1.15436
1.15436
1.15445
1.1545
1.1545
1.1545
1.1545
1.1545
1.1545
1.15457
1.15457
1.15464
1.15464
1.15464
1.1547
1.15476
1.15478
1.15478
1.15484
1.15484
1.15484
1.15484
1.15484
1.15484
1.15493
1.15493
1.15498
1.15512
1.15512
1.15523
1.15526
1.15526
1.15526
1.15526
1.15541
1.15541
1.15542
1.15542
1.15556
1.15556
1.15556
1.15556
1.1557
1.1557
1.15571
1.15571
1.15571
1.15584
1.15584
1.15584
1.15584
1.15587
1.15587
1.15596
1.15599
1.15599
1.15599
1.15599
1.15599
1.15611
1.15615
1.15615
1.15615
1.15625
1.15625
1.1563
1.1563
1.1563
1.1563
1.15636
1.15636
1.1564
1.15655
1.15655
1.15663
1.15663
1.15686
1.15686
1.15686
1.15686
1.15692
1.15697
1.15702
1.15702
1.15702
1.15702
1.15702
1.15702
1.15708
1.15714
1.15714
1.15719
1.15719
1.15719
1.15727
1.15736
1.15736
1.15736
1.15739
1.15753
1.15753
1.15756
1.15758
1.15771
1.15772
1.15772
1.15789
1.15789
1.15802
1.15807
1.15807
1.15807
1.15807
1.15807
1.15807
1.15808
1.15808
1.15825
1.15825
1.15825
1.15825
1.15825
1.15825
1.1584
1.15843
1.15858
1.15858
1.15858
1.15858
1.15876
1.15876
1.15888
1.15894
1.15894
1.15894
1.15901
1.15901
1.15901
1.15906
1.15906
1.15906
1.15913
1.15916
1.15924
1.15924
1.15932
1.15942
1.15951
1.15951
1.15952
1.15952
1.15961
1.15961
1.15961
1.15972
1.15972
1.15972
1.15972
1.1598
1.15994
1.16
1.16
1.1602
1.1602
1.16026
1.16026
1.16026
1.16041
1.16041
1.16041
1.16045
1.16045
1.16045
1.16045
1.16049
1.16058
1.16062
1.16062
1.16066
1.16066
1.16069
1.16084
1.16084
1.16084
1.16084
1.16086
1.16086
1.16086
1.16086
1.16086
1.16086
1.16088
1.16088
1.16106
1.16109
1.16129
1.16129
1.16129
1.16129
1.16149
1.1615
1.1615
1.1615
1.16172
1.16172
1.16172
1.16172
1.16174
1.16174
1.16188
1.16194
1.16194
1.16197
1.16212
1.16216
1.16216
1.16221
1.16234
1.16234
1.16234
1.16244
1.1625
1.1625
1.16256
1.16256
1.16263
1.16263
1.16263
1.16263
1.16272
1.16272
1.16272
1.16287
1.16287
1.16294
1.16294
1.16294
1.16303
1.16303
1.16312
1.16312
1.16312
1.16312
1.16312
1.16317
1.16317
1.16317
1.16317
1.16317
1.16327
1.16327
1.1634
1.1634
1.1634
1.1634
1.1634
1.16351
1.16351
1.16351
1.16352
1.16364
1.16364
1.16364
1.16364
1.16364
1.16364
1.16375
1.16376
1.16376
1.16386
1.16386
1.16388
1.16388
1.16399
1.16402
1.16413
1.16413
1.16413
1.16418
1.16418
1.16429
1.16432
1.16432
1.16447
1.16447
1.16447
1.16456
1.16473
1.1648
1.16484
1.16487
1.16487
1.16491
1.16498
1.16505
1.16505
1.16519
1.16525
1.1653
1.1653
1.1653
1.16552
1.16556
1.16556
1.16556
1.16556
1.16556
1.16556
1.16561
1.16561
1.16564
1.16583
1.16583
1.16586
1.16586
1.16586
1.16608
1.16608
1.16612
1.16612
1.16612
1.16614
1.16614
1.16616
1.16637
1.16638
1.16638
1.16638
1.16639
1.16639
1.16639
1.1664
1.16667
1.16667
1.16667
1.16667
1.16667
1.16667
1.16667
1.16667
1.16667
1.16692
1.16693
1.16694
1.16695
1.16719
1.16721
1.16721
1.16721
1.16724
1.16726
1.16726
1.16743
1.16746
1.16746
1.16746
1.1675
1.16753
1.16753
1.16757
1.16774
1.16774
1.16779
1.16779
1.16788
1.16797
1.16803
1.16803
1.16803
1.16808
1.16814
1.16832
1.16832
1.16832
1.16832
1.16835
1.16847
1.16854
1.16861
1.16861
1.1687
1.16875
1.16878
1.16878
1.16883
1.16892
1.16892
1.16892
1.16895
1.16901
1.16904
1.16913
1.16913
1.16933
1.16933
1.16933
1.16934
1.16944
1.16963
1.16963
1.16975
1.16975
1.16975
1.16976
1.16981
1.16988
1.16988
1.16993
1.17011
1.17011
1.17021
1.17025
1.17028
1.1704
1.1704
1.1704
1.17042
1.17044
1.17057
1.17057
1.17057
1.17073
1.17073
1.17073
1.1709
1.17105
1.17105
1.17108
1.17108
1.17123
1.17123
1.17158
1.17165
1.17165
1.17172
1.17172
1.17172
1.17172
1.17172
1.17178
1.17178
1.17178
1.17179
1.17193
1.17197
1.17197
1.17197
1.17206
1.17209
1.1723
1.17241
1.17241
1.17264
1.17274
1.17277
1.17277
1.17284
1.17284
1.17288
1.17288
1.17288
1.17293
1.17298
1.17314
1.17317
1.17317
1.17324
1.17324
1.17333
1.17342
1.1735
1.1735
1.17361
1.17369
1.17384
1.17384
1.17399
1.17399
1.17399
1.17413
1.17419
1.17419
1.17425
1.17425
1.17438
1.17438
1.17444
1.1745
1.17455
1.17487
1.17492
1.17492
1.17496
1.17496
1.175
1.175
1.17518
1.17529
1.17529
1.17532
1.17536
1.17538
1.17563
1.17565
1.17565
1.1757
1.17572
1.17572
1.17574
1.17574
1.17604
1.17606
1.17608
1.17608
1.17611
1.17647
1.17647
1.17647
1.17647
1.17647
1.17647
1.17688
1.1769
1.1772
1.1772
1.17724
1.17726
1.17726
1.17728
1.17728
1.1773
1.17733
1.17736
1.17751
1.17754
1.17757
1.17763
1.17766
1.1777
1.1777
1.17799
1.17804
1.17804
1.17804
1.17804
1.17804
1.17808
1.17808
1.17813
1.17834
1.1784
1.1784
1.17845
1.17868
1.17868
1.17881
1.17888
1.17895
1.17895
1.17902
1.17902
1.17908
1.17915
1.17923
1.17923
1.17923
1.17931
1.17931
1.17931
1.17933
1.1794
1.17941
1.17949
1.17949
1.17957
1.17958
1.17966
1.17976
1.18
1.18
1.18
1.1801
1.1801
1.18033
1.18043
1.18044
1.18044
1.18044
1.18044
1.18056
1.18076
1.18083
1.18089
1.18089
1.18108
1.18121
1.18121
1.18141
1.18152
1.18152
1.18166
1.18166
1.18167
1.18182
1.18197
1.18197
1.18197
1.18227
1.18227
1.18227
1.18239
1.18243
1.1825
1.18255
1.18255
1.18266
1.18272
1.1828
1.1828
1.18283
1.18319
1.18336
1.18347
1.18347
1.1836
1.18367
1.18374
1.18374
1.18374
1.18386
1.18389
1.18389
1.18389
1.18395
1.184
1.18421
1.18421
1.18469
1.18471
1.18493
1.18493
1.18495
1.18519
1.18519
1.18519
1.18543
1.18543
1.18543
1.18565
1.1859
1.18593
1.18596
1.18612
1.18616
1.18639
1.1865
1.1866
1.1866
1.18689
1.18696
1.18696
1.18702
1.1871
1.1871
1.18721
1.18728
1.1873
1.1874
1.1874
1.1875
1.1876
1.18769
1.18771
1.1878
1.18792
1.18792
1.18812
1.18826
1.18831
1.18836
1.18841
1.18846
1.1885
1.18854
1.18857
1.18881
1.18881
1.18883
1.189
1.18902
1.18919
1.18919
1.18952
1.18971
1.18974
1.18978
1.18987
1.18987
1.18992
1.18992
1.18992
1.18992
1.19008
1.19014
1.19014
1.19018
1.19024
1.19033
1.1904
1.19055
1.19056
1.19056
1.19064
1.19064
1.19064
1.19073
1.19079
1.19094
1.19094
1.19098
1.19105
1.19108
1.19108
1.1912
1.19136
1.19149
1.19164
1.19164
1.19164
1.19176
1.19178
1.19178
1.19178
1.19192
1.19192
1.19192
1.19205
1.19218
1.19224
1.19231
1.19237
1.19243
1.1925
1.19273
1.19275
1.19286
1.19287
1.19287
1.19333
1.19393
1.19393
1.19393
1.19393
1.19424
1.19424
1.19424
1.19431
1.19444
1.19454
1.19457
1.19472
1.19472
1.19481
1.19481
1.19489
1.19497
1.19516
1.19516
1.19533
1.1954
1.19548
1.19562
1.19562
1.19588
1.19588
1.19595
1.19601
1.19614
1.19614
1.19652
1.19658
1.19658
1.19664
1.19669
1.19708
1.19718
1.19728
1.19728
1.19732
1.19732
1.19737
1.19741
1.19741
1.19745
1.19757
1.1979
1.19793
1.19797
1.19797
1.19797
1.1981
1.19813
1.19816
1.19816
1.19828
1.19853
1.19863
1.19865
1.19865
1.19865
1.19868
1.19868
1.19868
1.19872
1.19874
1.19932
1.19932
1.19933
1.19933
1.19936
1.19937
1.19939
1.2
1.2
1.2
1.2
1.2
1.2
1.2
1.20064
1.20064
1.20064
1.20065
1.20066
1.20066
1.20071
1.20071
1.2013
1.20132
1.20132
1.20132
1.20134
1.20137
1.20139
1.20179
1.20191
1.20194
1.20197
1.202
1.202
1.20211
1.20223
1.20253
1.20257
1.20261
1.2027
1.2029
1.2031
1.20336
1.20336
1.20336
1.20342
1.20342
1.20376
1.20408
1.20417
1.20444
1.20458
1.20466
1.20466
1.20474
1.20474
1.20495
1.20497
1.2054
1.20583
1.20593
1.20613
1.20613
1.20635
1.20645
1.20646
1.20656
1.20656
1.20667
1.20678
1.20684
1.2069
1.20706
1.20727
1.2073
1.20755
1.20755
1.20792
1.20819
1.20819
1.2084
1.20846
1.20854
1.20854
1.20863
1.20863
1.20863
1.20863
1.20868
1.20872
1.209
1.20914
1.20915
1.2093
1.21013
1.21026
1.21029
1.21033
1.21062
1.2107
1.21088
1.21107
1.21107
1.21127
1.21131
1.21154
1.21212
1.21212
1.21234
1.21267
1.21273
1.21295
1.21306
1.21317
1.21348
1.21358
1.2137
1.2137
1.21384
1.21417
1.21441
1.21441
1.21441
1.2145
1.21466
1.21466
1.21486
1.21511
1.21519
1.2155
1.21562
1.21575
1.21617
1.21626
1.21634
1.21681
1.21709
1.21739
1.21739
1.21824
1.21886
1.21905
1.21967
1.21967
1.21996
1.22
1.22003
1.22034
1.22099
1.22112
1.22143
1.22167
1.22171
1.22186
1.22222
1.22222
1.22276
1.22302
1.22378
1.22393
1.22408
1.22449
1.22463
1.22491
1.22528
1.22613
1.22623
1.22638
1.2272
1.22744
1.22779
1.22862
1.22913
1.22924
1.22966
1.22968
1.22971
1.22977
1.23126
1.23128
1.23129
1.2313
1.23229
1.23229
1.23232
1.23267
1.23339
1.23377
1.23432
1.2344
1.2344
1.23481
1.23499
1.23502
1.23599
1.23636
1.23675
1.23711
1.23825
1.23862
1.23875
1.23944
1.24026
1.24026
1.24031
1.24046
1.24071
1.24159
1.24173
1.24183
1.24278
1.24342
1.24399
1.24499
1.24503
1.2459
1.24613
1.24651
1.24675
1.24752
1.24828
1.24878
1.24907
1.24921
1.24921
1.25
1.25039
1.25079
1.25084
1.25166
1.25324
1.25597
1.25714
1.25865
1.25926
1.25974
1.26214
1.2628
1.26283
1.2635
1.26351
1.26609
1.26619
1.26655
1.26814
1.26962
1.27152
1.27302
1.27367
1.27397
1.27556
1.27619
1.27769
1.27798
1.27869
1.28
1.28276
1.28481
1.28647
1.28868
1.29323
1.29496
1.29624
1.29705
1.2987
1.30097
1.30435
1.30598
1.31681
